{
  "fl_x": 763.6063842773438,
  "fl_y": 763.6063842773438,
  "cx": 358.78656005859375,
  "cy": 465.5775451660156,
  "w": 720,
  "h": 960,
  "aabb_scale": 16,
  "scale": 1.0,
  "camera_angle_x": 0.8810909669147827,
  "camera_angle_y": 1.1223622020345076,
  "frames": [
    {
      "file_path": "./rgbd/0.jpg",
      "transform_matrix": [
        [
          0.9488796644082725,
          -0.11728998557342973,
          0.29303658774396846,
          1.0729663670695766
        ],
        [
          0.004905082242923899,
          0.9337617235865425,
          0.35786168240380184,
          1.437617659288541
        ],
        [
          -0.3155999408121523,
          -0.3381303045408294,
          0.8866028279395977,
          3.48000139625956
        ],
        [
          0.0,
          0.0,
          0.0,
          1.0
        ]
      ]
    },
    {
      "file_path": "./rgbd/1.jpg",
      "transform_matrix": [
        [
          0.9490127190223171,
          -0.11705977362269422,
          0.2926975717925791,
          1.0732029524671212
        ],
        [
          0.005276724631338332,
          0.9342665185492824,
          0.3565364336150911,
          1.4394944375682222
        ],
        [
          -0.31519361559370684,
          -0.3368131258089666,
          0.8872485012507824,
          3.4836135128093457
        ],
        [
          0.0,
          0.0,
          0.0,
          1.0
        ]
      ]
    },
    {
      "file_path": "./rgbd/2.jpg",
      "transform_matrix": [
        [
          0.9490863826368838,
          -0.11657231402618051,
          0.2926532656503531,
          1.0742998225815474
        ],
        [
          0.005273114686980219,
          0.9347598291348916,
          0.3552411238823656,
          1.4410754130969516
        ],
        [
          -0.3149717964433205,
          -0.33561131899608193,
          0.8877825240490926,
          3.4868666330296043
        ],
        [
          0.0,
          0.0,
          0.0,
          1.0
        ]
      ]
    },
    {
      "file_path": "./rgbd/3.jpg",
      "transform_matrix": [
        [
          0.9491130466754888,
          -0.11597517224189088,
          0.29280400279681174,
          1.0757616533632541
        ],
        [
          0.004942277062902278,
          0.9350970138011341,
          0.3543573742391084,
          1.442194294457848
        ],
        [
          -0.3148968061568823,
          -0.3348780885690579,
          0.888085957139583,
          3.4891881804960256
        ],
        [
          0.0,
          0.0,
          0.0,
          1.0
        ]
      ]
    },
    {
      "file_path": "./rgbd/4.jpg",
      "transform_matrix": [
        [
          0.9491645470864581,
          -0.11544013167796804,
          0.29284849078035613,
          1.0770172884683495
        ],
        [
          0.004587825585450705,
          0.9353009736236033,
          0.3538234596449727,
          1.4427834858230417
        ],
        [
          -0.31474690532323973,
          -0.3344931460238214,
          0.8882841442086706,
          3.4908735319354367
        ],
        [
          0.0,
          0.0,
          0.0,
          1.0
        ]
      ]
    },
    {
      "file_path": "./rgbd/5.jpg",
      "transform_matrix": [
        [
          0.9492916580547156,
          -0.11525589273682511,
          0.2925088496732472,
          1.0773521434307807
        ],
        [
          0.004615587898532647,
          0.9353898355510412,
          0.35358811051299077,
          1.443151286651157
        ],
        [
          -0.3143629181313849,
          -0.3343081433905455,
          0.8884897416215263,
          3.492343031151398
        ],
        [
          0.0,
          0.0,
          0.0,
          1.0
        ]
      ]
    },
    {
      "file_path": "./rgbd/6.jpg",
      "transform_matrix": [
        [
          0.9494585885996547,
          -0.1154503081161406,
          0.29188973070363333,
          1.0767378166421986
        ],
        [
          0.005066354553452113,
          0.9354193332592329,
          0.35350389391970055,
          1.4436669178507275
        ],
        [
          -0.31385143075329464,
          -0.3341584913192247,
          0.8887268320993631,
          3.49380855414219
        ],
        [
          0.0,
          0.0,
          0.0,
          1.0
        ]
      ]
    },
    {
      "file_path": "./rgbd/7.jpg",
      "transform_matrix": [
        [
          0.9496354778405901,
          -0.11567265872699815,
          0.2912255058361161,
          1.07596983715245
        ],
        [
          0.005543464154253826,
          0.9354295935013964,
          0.35346958229384134,
          1.4441158052706784
        ],
        [
          -0.31330772290456677,
          -0.33405285753131886,
          0.888958356248208,
          3.4952434033959654
        ],
        [
          0.0,
          0.0,
          0.0,
          1.0
        ]
      ]
    },
    {
      "file_path": "./rgbd/8.jpg",
      "transform_matrix": [
        [
          0.9497874464232492,
          -0.1157744637071145,
          0.2906889749717617,
          1.075388172213469
        ],
        [
          0.00580829296945546,
          0.935391465227832,
          0.3535662180012544,
          1.4441612478440364
        ],
        [
          -0.31284192549846074,
          -0.33412434860731055,
          0.8890955231684365,
          3.496359018571902
        ],
        [
          0.0,
          0.0,
          0.0,
          1.0
        ]
      ]
    },
    {
      "file_path": "./rgbd/9.jpg",
      "transform_matrix": [
        [
          0.9499449979836517,
          -0.11590922514057164,
          0.29011989303243624,
          1.0746687594739968
        ],
        [
          0.006064952116483467,
          0.9352965930888973,
          0.35381280264021886,
          1.4440652504078177
        ],
        [
          -0.31235831533939473,
          -0.33434313883137184,
          0.8891833041362851,
          3.4973877248262912
        ],
        [
          0.0,
          0.0,
          0.0,
          1.0
        ]
      ]
    },
    {
      "file_path": "./rgbd/10.jpg",
      "transform_matrix": [
        [
          0.9500970191703256,
          -0.11607355242994034,
          0.2895558401931414,
          1.0739132766919217
        ],
        [
          0.006408762563531969,
          0.9352654575574989,
          0.35388903862957755,
          1.4443400359685914
        ],
        [
          -0.31188873324643585,
          -0.33437322609033193,
          0.8893368111957795,
          3.4988839215541
        ],
        [
          0.0,
          0.0,
          0.0,
          1.0
        ]
      ]
    },
    {
      "file_path": "./rgbd/11.jpg",
      "transform_matrix": [
        [
          0.9502806711374032,
          -0.1160469143010677,
          0.28896324981534743,
          1.0736775433426275
        ],
        [
          0.0067019403719433684,
          0.9353715968150482,
          0.3536029692563647,
          1.4449837584218144
        ],
        [
          -0.3113225498705437,
          -0.33408545247117144,
          0.8896432882842625,
          3.50100495366558
        ],
        [
          0.0,
          0.0,
          0.0,
          1.0
        ]
      ]
    },
    {
      "file_path": "./rgbd/12.jpg",
      "transform_matrix": [
        [
          0.9504734293544278,
          -0.11581741354574669,
          0.2884208501665702,
          1.0739115725954207
        ],
        [
          0.006825226863397231,
          0.9355315737702665,
          0.35317713793108324,
          1.4455081941199728
        ],
        [
          -0.3107308745031572,
          -0.3337169477244177,
          0.8899883833129517,
          3.5033861445095336
        ],
        [
          0.0,
          0.0,
          0.0,
          1.0
        ]
      ]
    },
    {
      "file_path": "./rgbd/13.jpg",
      "transform_matrix": [
        [
          0.9506674915860361,
          -0.11564309506007256,
          0.2878506470488489,
          1.0740785740525112
        ],
        [
          0.006958819737278536,
          0.9356331985632194,
          0.35290521755029824,
          1.4458465992834473
        ],
        [
          -0.31013367322717156,
          -0.3334924171720945,
          0.8902808053750995,
          3.5056548649844266
        ],
        [
          0.0,
          0.0,
          0.0,
          1.0
        ]
      ]
    },
    {
      "file_path": "./rgbd/14.jpg",
      "transform_matrix": [
        [
          0.9509108410422481,
          -0.11555544665573207,
          0.2870810184190487,
          1.0738658460059793
        ],
        [
          0.007245855023494188,
          0.935728273949956,
          0.3526472669901391,
          1.446287392245019
        ],
        [
          -0.30938013829802075,
          -0.333255961805382,
          0.8906314579824064,
          3.5080002698018613
        ],
        [
          0.0,
          0.0,
          0.0,
          1.0
        ]
      ]
    },
    {
      "file_path": "./rgbd/15.jpg",
      "transform_matrix": [
        [
          0.9511805064668967,
          -0.1155429223423509,
          0.2861913297323436,
          1.0731833553573604
        ],
        [
          0.007659646630424829,
          0.9358322560449759,
          0.35236248148641963,
          1.4470028287593224
        ],
        [
          -0.30854006859867417,
          -0.33296819914574405,
          0.8910304172287079,
          3.5106507078929603
        ],
        [
          0.0,
          0.0,
          0.0,
          1.0
        ]
      ]
    },
    {
      "file_path": "./rgbd/16.jpg",
      "transform_matrix": [
        [
          0.9513392974061092,
          -0.11579413861623598,
          0.2855613045791996,
          1.0722168486252548
        ],
        [
          0.008237940776484175,
          0.9359357933849691,
          0.35207432026862095,
          1.4478510427926559
        ],
        [
          -0.30803518880578173,
          -0.3325896993639043,
          0.8913464053522705,
          3.513236390317025
        ],
        [
          0.0,
          0.0,
          0.0,
          1.0
        ]
      ]
    },
    {
      "file_path": "./rgbd/17.jpg",
      "transform_matrix": [
        [
          0.9513940428145531,
          -0.11609279506836344,
          0.28525749460828353,
          1.0716885787099693
        ],
        [
          0.008688172758515177,
          0.9359806434550462,
          0.3519442437824428,
          1.4484740320717844
        ],
        [
          -0.30785368432276095,
          -0.332359290543671,
          0.8914950426324362,
          3.515246088123778
        ],
        [
          0.0,
          0.0,
          0.0,
          1.0
        ]
      ]
    },
    {
      "file_path": "./rgbd/18.jpg",
      "transform_matrix": [
        [
          0.951423257673213,
          -0.11597236525534999,
          0.28520903782238516,
          1.0719865115815468
        ],
        [
          0.00855252760138847,
          0.93594382889483,
          0.35204545647588287,
          1.4487262383539206
        ],
        [
          -0.30776718315980106,
          -0.3325049768811964,
          0.8914705835411041,
          3.5166610562517095
        ],
        [
          0.0,
          0.0,
          0.0,
          1.0
        ]
      ]
    },
    {
      "file_path": "./rgbd/19.jpg",
      "transform_matrix": [
        [
          0.9514470463735252,
          -0.11566264550358432,
          0.28525544759427035,
          1.0726371924288152
        ],
        [
          0.008195208470279344,
          0.9359082143769395,
          0.3521486231975037,
          1.448945214754289
        ],
        [
          -0.30770335796871634,
          -0.3327130395654504,
          0.8914149857377849,
          3.5179999080692665
        ],
        [
          0.0,
          0.0,
          0.0,
          1.0
        ]
      ]
    },
    {
      "file_path": "./rgbd/20.jpg",
      "transform_matrix": [
        [
          0.9515159437132029,
          -0.11542108121975096,
          0.28512345198113115,
          1.0732265258020506
        ],
        [
          0.00800197504440374,
          0.9359054279131291,
          0.35216047250952404,
          1.4492647328482118
        ],
        [
          -0.30749532883437675,
          -0.33280475359106,
          0.8914525330785886,
          3.519563700624945
        ],
        [
          0.0,
          0.0,
          0.0,
          1.0
        ]
      ]
    },
    {
      "file_path": "./rgbd/21.jpg",
      "transform_matrix": [
        [
          0.9516582043771726,
          -0.11523329032533221,
          0.2847243418508739,
          1.0734662353765134
        ],
        [
          0.00790119541543422,
          0.9358378379756151,
          0.3523423223572974,
          1.4495670679690835
        ],
        [
          -0.307057377622852,
          -0.33305979915613393,
          0.8915082372213131,
          3.521228034874178
        ],
        [
          0.0,
          0.0,
          0.0,
          1.0
        ]
      ]
    },
    {
      "file_path": "./rgbd/22.jpg",
      "transform_matrix": [
        [
          0.9517705493125127,
          -0.11545525111875807,
          0.28425852045358696,
          1.0725551117806875
        ],
        [
          0.008164769311079718,
          0.935697833310285,
          0.3527079546601339,
          1.4501886371677943
        ],
        [
          -0.3067020671652779,
          -0.33337613850955605,
          0.8915123062913953,
          3.5228980494450806
        ],
        [
          0.0,
          0.0,
          0.0,
          1.0
        ]
      ]
    },
    {
      "file_path": "./rgbd/23.jpg",
      "transform_matrix": [
        [
          0.9518077792687836,
          -0.1161134451214864,
          0.28386549488348667,
          1.070522976703339
        ],
        [
          0.008725332032686724,
          0.9354393591865682,
          0.35337950402583124,
          1.4510757614045657
        ],
        [
          -0.3065710682767482,
          -0.3338725402704491,
          0.8913715874701252,
          3.524405038784062
        ],
        [
          0.0,
          0.0,
          0.0,
          1.0
        ]
      ]
    },
    {
      "file_path": "./rgbd/24.jpg",
      "transform_matrix": [
        [
          0.9517877027817696,
          -0.11674486509585631,
          0.283673765630789,
          1.0681574067439772
        ],
        [
          0.009089235633467557,
          0.9350760360592212,
          0.35433062608723687,
          1.4516876740564382
        ],
        [
          -0.3066228214419155,
          -0.3346691549299461,
          0.891054993874943,
          3.5255575760508515
        ],
        [
          0.0,
          0.0,
          0.0,
          1.0
        ]
      ]
    },
    {
      "file_path": "./rgbd/25.jpg",
      "transform_matrix": [
        [
          0.9517322174652876,
          -0.11733221676238803,
          0.28361758963123285,
          1.0657799081091086
        ],
        [
          0.009298389395335458,
          0.9346455745577503,
          0.3554591255183432,
          1.451881941057543
        ],
        [
          -0.30678873218105507,
          -0.3356647149600871,
          0.8906233058580402,
          3.5264045120118093
        ],
        [
          0.0,
          0.0,
          0.0,
          1.0
        ]
      ]
    },
    {
      "file_path": "./rgbd/26.jpg",
      "transform_matrix": [
        [
          0.9516850853442801,
          -0.1178267562024094,
          0.2835707210839449,
          1.0636120133438534
        ],
        [
          0.009410752848132097,
          0.9342126499431154,
          0.35659243180007877,
          1.4515252168566837
        ],
        [
          -0.3069314843154443,
          -0.3366950849196947,
          0.8901850839723378,
          3.527039003942319
        ],
        [
          0.0,
          0.0,
          0.0,
          1.0
        ]
      ]
    },
    {
      "file_path": "./rgbd/27.jpg",
      "transform_matrix": [
        [
          0.9517147591814786,
          -0.11811243865126213,
          0.28335219955382773,
          1.0618161796479662
        ],
        [
          0.009322950067692763,
          0.9337149846554958,
          0.3578958089050815,
          1.4505472074731967
        ],
        [
          -0.3068421414313485,
          -0.3379730451761488,
          0.8897314881334623,
          3.527321315929305
        ],
        [
          0.0,
          0.0,
          0.0,
          1.0
        ]
      ]
    },
    {
      "file_path": "./rgbd/28.jpg",
      "transform_matrix": [
        [
          0.9519307756949023,
          -0.11804013424930286,
          0.28265584195503207,
          1.0603591771396785
        ],
        [
          0.009033572739756138,
          0.9331843468783241,
          0.35928452416550183,
          1.4493621503648477
        ],
        [
          -0.3061800007323422,
          -0.33946060367542225,
          0.8893932233291755,
          3.5276655434224913
        ],
        [
          0.0,
          0.0,
          0.0,
          1.0
        ]
      ]
    },
    {
      "file_path": "./rgbd/29.jpg",
      "transform_matrix": [
        [
          0.952307191692855,
          -0.11798573888810686,
          0.2814078500488131,
          1.0585758401514644
        ],
        [
          0.009030572714606881,
          0.9327158307305383,
          0.360499137115594,
          1.448920931379151
        ],
        [
          -0.3050073136934818,
          -0.3407646468219218,
          0.8892974722047831,
          3.528900445353492
        ],
        [
          0.0,
          0.0,
          0.0,
          1.0
        ]
      ]
    },
    {
      "file_path": "./rgbd/30.jpg",
      "transform_matrix": [
        [
          0.9526996085232584,
          -0.11810973653166816,
          0.28002418834102555,
          1.0563883482764487
        ],
        [
          0.009446881213563282,
          0.9324577248238689,
          0.3611555729206333,
          1.4495997298186845
        ],
        [
          -0.3037667071207229,
          -0.3414274176932983,
          0.889467878055368,
          3.53149294416356
        ],
        [
          0.0,
          0.0,
          0.0,
          1.0
        ]
      ]
    },
    {
      "file_path": "./rgbd/31.jpg",
      "transform_matrix": [
        [
          0.9529086639062466,
          -0.1184647760769106,
          0.2791615573130722,
          1.0544922569030906
        ],
        [
          0.010089870825836204,
          0.932418669312305,
          0.36123900623353056,
          1.4511077132139578
        ],
        [
          -0.3030895457767064,
          -0.34141107472798565,
          0.8897051226636565,
          3.534821044629859
        ],
        [
          0.0,
          0.0,
          0.0,
          1.0
        ]
      ]
    },
    {
      "file_path": "./rgbd/32.jpg",
      "transform_matrix": [
        [
          0.9530140827143253,
          -0.11862627642184818,
          0.2787327836664725,
          1.054094066354042
        ],
        [
          0.010531870092155528,
          0.9325537938347899,
          0.36087740482981545,
          1.4527964728463707
        ],
        [
          -0.3027428576540415,
          -0.3409856714682126,
          0.8899862549460172,
          3.5385467676130395
        ],
        [
          0.0,
          0.0,
          0.0,
          1.0
        ]
      ]
    },
    {
      "file_path": "./rgbd/33.jpg",
      "transform_matrix": [
        [
          0.953158666573656,
          -0.11803979004853693,
          0.2784872785260168,
          1.0558333808493154
        ],
        [
          0.010381452018755582,
          0.9329325442354781,
          0.359901505082015,
          1.4544187727152478
        ],
        [
          -0.30229254339052464,
          -0.34015213636197367,
          0.8904581642833496,
          3.542896757947724
        ],
        [
          0.0,
          0.0,
          0.0,
          1.0
        ]
      ]
    },
    {
      "file_path": "./rgbd/34.jpg",
      "transform_matrix": [
        [
          0.9533802979278936,
          -0.1168512236095864,
          0.2782297594864054,
          1.0590788326353198
        ],
        [
          0.00971889367616419,
          0.9333994640400674,
          0.3587073788416209,
          1.4562442860918594
        ],
        [
          -0.30161490452003853,
          -0.3392804622589653,
          0.891020323730447,
          3.547414317771666
        ],
        [
          0.0,
          0.0,
          0.0,
          1.0
        ]
      ]
    },
    {
      "file_path": "./rgbd/35.jpg",
      "transform_matrix": [
        [
          0.9535619951244987,
          -0.1155855321793593,
          0.2781357693735193,
          1.062638122193577
        ],
        [
          0.008872190039999202,
          0.9338136819536315,
          0.3576496772542874,
          1.4580700834845548
        ],
        [
          -0.3010661151609051,
          -0.3385734663954281,
          0.8914747344456287,
          3.551499605116541
        ],
        [
          0.0,
          0.0,
          0.0,
          1.0
        ]
      ]
    },
    {
      "file_path": "./rgbd/36.jpg",
      "transform_matrix": [
        [
          0.9535932950919296,
          -0.11461926195245173,
          0.2784281816648435,
          1.0655884812688385
        ],
        [
          0.008008590426980397,
          0.9340384738630513,
          0.3570826120423038,
          1.4598390776605525
        ],
        [
          -0.3009911793310374,
          -0.338281767367171,
          0.8916107647577244,
          3.554586859944043
        ],
        [
          0.0,
          0.0,
          0.0,
          1.0
        ]
      ]
    },
    {
      "file_path": "./rgbd/37.jpg",
      "transform_matrix": [
        [
          0.9536778590520024,
          -0.11377800287525687,
          0.27848358518179694,
          1.067880775078661
        ],
        [
          0.007217400331932185,
          0.9341054096446323,
          0.35692435165603714,
          1.461042595814328
        ],
        [
          -0.30074316332451806,
          -0.3383809240107247,
          0.891656828594505,
          3.5572162808449646
        ],
        [
          0.0,
          0.0,
          0.0,
          1.0
        ]
      ]
    },
    {
      "file_path": "./rgbd/38.jpg",
      "transform_matrix": [
        [
          0.9526038803327334,
          -0.11378665441652581,
          0.28213196283249026,
          1.1237583833599485
        ],
        [
          0.005357192126382874,
          0.9335451317122363,
          0.35841984815144406,
          1.454185595510705
        ],
        [
          -0.3041663158003209,
          -0.3399207030074475,
          0.8899082919039366,
          3.5417493329704373
        ],
        [
          0.0,
          0.0,
          0.0,
          1.0
        ]
      ]
    },
    {
      "file_path": "./rgbd/39.jpg",
      "transform_matrix": [
        [
          0.9514732421803539,
          -0.11446664897440875,
          0.2856502331302659,
          1.1862760036570752
        ],
        [
          0.003970992498145326,
          0.9327347655739128,
          0.3605413822411483,
          1.446043848453429
        ],
        [
          -0.3077058670766377,
          -0.34191116296831786,
          0.8879267176993082,
          3.5231860417537364
        ],
        [
          0.0,
          0.0,
          0.0,
          1.0
        ]
      ]
    },
    {
      "file_path": "./rgbd/40.jpg",
      "transform_matrix": [
        [
          0.951202201989824,
          -0.1150132132052236,
          0.2863325544151762,
          1.2099348274276138
        ],
        [
          0.0037119179279694755,
          0.9321369355628636,
          0.36208694401313324,
          1.4425841065324339
        ],
        [
          -0.3085459327150596,
          -0.3433550555149634,
          0.8870776252714924,
          3.516445204028259
        ],
        [
          0.0,
          0.0,
          0.0,
          1.0
        ]
      ]
    },
    {
      "file_path": "./rgbd/41.jpg",
      "transform_matrix": [
        [
          0.9514362304550202,
          -0.11529380550462846,
          0.2854407780780498,
          1.2219310987619316
        ],
        [
          0.0037869217471069357,
          0.9315328609960364,
          0.3636374404653904,
          1.4409348251356258
        ],
        [
          -0.3078226089831981,
          -0.34489689371868804,
          0.8867307224304214,
          3.5132409345743607
        ],
        [
          0.0,
          0.0,
          0.0,
          1.0
        ]
      ]
    },
    {
      "file_path": "./rgbd/42.jpg",
      "transform_matrix": [
        [
          0.9518318104983986,
          -0.11549489783838264,
          0.2840372037192354,
          1.2302987806136214
        ],
        [
          0.003984099229209245,
          0.9309277107644183,
          0.36518176882786985,
          1.4399413368755887
        ],
        [
          -0.3065947349134892,
          -0.3464599917800344,
          0.8865467515134811,
          3.5110937729832
        ],
        [
          0.0,
          0.0,
          0.0,
          1.0
        ]
      ]
    },
    {
      "file_path": "./rgbd/43.jpg",
      "transform_matrix": [
        [
          0.9528368427993198,
          -0.11467979224635953,
          0.2809813094398919,
          1.2379172280370727
        ],
        [
          0.003957948003219037,
          0.9304721143148679,
          0.36634134237077765,
          1.439333542456927
        ],
        [
          -0.3034572221118296,
          -0.3479514186387969,
          0.8870420083713175,
          3.5098503505696947
        ],
        [
          0.0,
          0.0,
          0.0,
          1.0
        ]
      ]
    },
    {
      "file_path": "./rgbd/44.jpg",
      "transform_matrix": [
        [
          0.9528105005285307,
          -0.11421788362746677,
          0.28125864456445315,
          1.2222009140412442
        ],
        [
          0.0035323478604499265,
          0.9306253022722406,
          0.36595637621073596,
          1.4442691739557614
        ],
        [
          -0.30354517390524216,
          -0.34769357461759826,
          0.8871130173593852,
          3.5052737154003872
        ],
        [
          0.0,
          0.0,
          0.0,
          1.0
        ]
      ]
    },
    {
      "file_path": "./rgbd/45.jpg",
      "transform_matrix": [
        [
          0.9525565928196902,
          -0.11373452530109424,
          0.2823125842577301,
          1.2038250734396445
        ],
        [
          0.002923870116670766,
          0.9309334346566327,
          0.36517720523322117,
          1.4497793699914898
        ],
        [
          -0.30434747979781934,
          -0.3470265090637026,
          0.8870993256382153,
          3.50093167751604
        ],
        [
          0.0,
          0.0,
          0.0,
          1.0
        ]
      ]
    },
    {
      "file_path": "./rgbd/46.jpg",
      "transform_matrix": [
        [
          0.952687205248238,
          -0.11382823244238015,
          0.28183367871023707,
          1.2005035053432658
        ],
        [
          0.0030684613848120865,
          0.9307839844878356,
          0.36555677912696216,
          1.451895289813467
        ],
        [
          -0.30393695645813057,
          -0.34739647050595107,
          0.8870952704072862,
          3.498907778905113
        ],
        [
          0.0,
          0.0,
          0.0,
          1.0
        ]
      ]
    },
    {
      "file_path": "./rgbd/47.jpg",
      "transform_matrix": [
        [
          0.952713459821617,
          -0.11475344982704687,
          0.28136934663803603,
          1.2003862067007858
        ],
        [
          0.0038411416044525685,
          0.930426527596377,
          0.36645835012470723,
          1.4532281772932707
        ],
        [
          -0.3038458640592272,
          -0.34804902312424235,
          0.8868706604665428,
          3.4974076059521355
        ],
        [
          0.0,
          0.0,
          0.0,
          1.0
        ]
      ]
    },
    {
      "file_path": "./rgbd/48.jpg",
      "transform_matrix": [
        [
          0.9527175229579822,
          -0.11600197466525314,
          0.28084312938466016,
          1.2009903089103622
        ],
        [
          0.00487612913753463,
          0.9299772787227213,
          0.36758466293374675,
          1.4546664347400482
        ],
        [
          -0.3038182759700955,
          -0.348834922181315,
          0.8865712900005926,
          3.496076138552749
        ],
        [
          0.0,
          0.0,
          0.0,
          1.0
        ]
      ]
    },
    {
      "file_path": "./rgbd/49.jpg",
      "transform_matrix": [
        [
          0.9528654518086553,
          -0.11703883183332414,
          0.2799095257267581,
          1.202496446201093
        ],
        [
          0.005886868723112236,
          0.9295552696501285,
          0.36863578969263744,
          1.4563733714018041
        ],
        [
          -0.3033360768621573,
          -0.34961251766601326,
          0.886430094234795,
          3.495052544587862
        ],
        [
          0.0,
          0.0,
          0.0,
          1.0
        ]
      ]
    },
    {
      "file_path": "./rgbd/50.jpg",
      "transform_matrix": [
        [
          0.9533184534176116,
          -0.11636761898196255,
          0.27864404466258025,
          1.2057112242500807
        ],
        [
          0.0053079990788451326,
          0.929079152178557,
          0.36984287762907214,
          1.4577064008896499
        ],
        [
          -0.3019201078418465,
          -0.35109899777647136,
          0.8863259796717713,
          3.4943169429316314
        ],
        [
          0.0,
          0.0,
          0.0,
          1.0
        ]
      ]
    },
    {
      "file_path": "./rgbd/51.jpg",
      "transform_matrix": [
        [
          0.9541476740752245,
          -0.11624371331839156,
          0.27584346135225013,
          1.1750937224180307
        ],
        [
          0.006260937722868909,
          0.9290654058109414,
          0.36986250470165344,
          1.4535718367542898
        ],
        [
          -0.29927080832528435,
          -0.35117640985593246,
          0.8871933906680259,
          3.489632381650599
        ],
        [
          0.0,
          0.0,
          0.0,
          1.0
        ]
      ]
    },
    {
      "file_path": "./rgbd/52.jpg",
      "transform_matrix": [
        [
          0.9550213028400826,
          -0.11638199946003631,
          0.27274446158137705,
          1.1402296121056852
        ],
        [
          0.007730539301822995,
          0.9292234015040114,
          0.3694375574564903,
          1.449019342952079
        ],
        [
          -0.29643641794444575,
          -0.3507122756605459,
          0.8883278391547047,
          3.4866252193586402
        ],
        [
          0.0,
          0.0,
          0.0,
          1.0
        ]
      ]
    },
    {
      "file_path": "./rgbd/53.jpg",
      "transform_matrix": [
        [
          0.9557132467813586,
          -0.11657653740735606,
          0.27022601808994146,
          1.1301317042733936
        ],
        [
          0.008893442316313538,
          0.9292215223078668,
          0.369416119252554,
          1.4482985101321895
        ],
        [
          -0.2941650839416542,
          -0.35065263923997797,
          0.8891060847748358,
          3.487601666653668
        ],
        [
          0.0,
          0.0,
          0.0,
          1.0
        ]
      ]
    },
    {
      "file_path": "./rgbd/54.jpg",
      "transform_matrix": [
        [
          0.9563064068262425,
          -0.11636996645907592,
          0.2682090363306115,
          1.128778651651662
        ],
        [
          0.009371930301341763,
          0.9291033120427169,
          0.369701504559666,
          1.4483442367216308
        ],
        [
          -0.2922160556600347,
          -0.3510342810290293,
          0.8895980611247556,
          3.489592619398911
        ],
        [
          0.0,
          0.0,
          0.0,
          1.0
        ]
      ]
    },
    {
      "file_path": "./rgbd/55.jpg",
      "transform_matrix": [
        [
          0.9569608766665498,
          -0.11359440580593562,
          0.26706214913234083,
          1.1310493602391396
        ],
        [
          0.006839210724717553,
          0.9287869445341224,
          0.3705509909035896,
          1.44776910415257
        ],
        [
          -0.29013635712583685,
          -0.35277630679024585,
          0.8895896647562758,
          3.492037429845566
        ],
        [
          0.0,
          0.0,
          0.0,
          1.0
        ]
      ]
    },
    {
      "file_path": "./rgbd/56.jpg",
      "transform_matrix": [
        [
          0.9575383739971195,
          -0.11207860827175177,
          0.2656287783558468,
          1.1207512210679895
        ],
        [
          0.005876535052227679,
          0.9287396966499488,
          0.3706859077471667,
          1.443911881722735
        ],
        [
          -0.2882459516779591,
          -0.3533850045409797,
          0.889962532866884,
          3.492253282069016
        ],
        [
          0.0,
          0.0,
          0.0,
          1.0
        ]
      ]
    },
    {
      "file_path": "./rgbd/57.jpg",
      "transform_matrix": [
        [
          0.9582142445623866,
          -0.11076962197817383,
          0.26373386654835845,
          1.1082442888155624
        ],
        [
          0.0054554063925854315,
          0.9288892305609836,
          0.37031747985872293,
          1.4411404527800702
        ],
        [
          -0.28599947562683853,
          -0.3534047087895638,
          0.8906791856479734,
          3.494280588872945
        ],
        [
          0.0,
          0.0,
          0.0,
          1.0
        ]
      ]
    },
    {
      "file_path": "./rgbd/58.jpg",
      "transform_matrix": [
        [
          0.9589403520998249,
          -0.11015817158839664,
          0.26133996699120765,
          1.10290563849426
        ],
        [
          0.005993751474104535,
          0.9291495379488275,
          0.36965553028833087,
          1.442369390373318
        ],
        [
          -0.2835444869115441,
          -0.3529111975579435,
          0.8916592457773808,
          3.500765812123284
        ],
        [
          0.0,
          0.0,
          0.0,
          1.0
        ]
      ]
    },
    {
      "file_path": "./rgbd/59.jpg",
      "transform_matrix": [
        [
          0.9596279563957599,
          -0.10976587653210729,
          0.25897034126099366,
          1.0991963884439218
        ],
        [
          0.006601338493092282,
          0.9292455391306603,
          0.36940377682945813,
          1.444016967673625
        ],
        [
          -0.2811949637418796,
          -0.35278064056139286,
          0.8924545994118112,
          3.5084830971437886
        ],
        [
          0.0,
          0.0,
          0.0,
          1.0
        ]
      ]
    },
    {
      "file_path": "./rgbd/60.jpg",
      "transform_matrix": [
        [
          0.9603224457300669,
          -0.10924028357115599,
          0.25660740572383406,
          1.095829377774185
        ],
        [
          0.006907712073902675,
          0.9291300817230328,
          0.36968848339007604,
          1.4453512752338462
        ],
        [
          -0.2788065346094439,
          -0.3532475784526256,
          0.8930190729074208,
          3.5164878064407823
        ],
        [
          0.0,
          0.0,
          0.0,
          1.0
        ]
      ]
    },
    {
      "file_path": "./rgbd/61.jpg",
      "transform_matrix": [
        [
          0.9610778103476354,
          -0.1086997743626767,
          0.25399567222867775,
          1.0922362903019927
        ],
        [
          0.007264359922221335,
          0.9289732854383594,
          0.37007548421474873,
          1.446734007536302
        ],
        [
          -0.27618231574870095,
          -0.3538262200506959,
          0.8936052453249821,
          3.5254263606202807
        ],
        [
          0.0,
          0.0,
          0.0,
          1.0
        ]
      ]
    },
    {
      "file_path": "./rgbd/62.jpg",
      "transform_matrix": [
        [
          0.9620274256734469,
          -0.10475007335550714,
          0.2520528801345786,
          1.0884040612875046
        ],
        [
          0.003606985950109644,
          0.9282284178339771,
          0.37199327141466837,
          1.447081075190323
        ],
        [
          -0.2729289686062586,
          -0.3569585780695672,
          0.893359027288624,
          3.535418614469515
        ],
        [
          0.0,
          0.0,
          0.0,
          1.0
        ]
      ]
    },
    {
      "file_path": "./rgbd/63.jpg",
      "transform_matrix": [
        [
          0.9627746103162134,
          -0.1056997735830458,
          0.24878224935665424,
          1.064920191424394
        ],
        [
          0.005572677873070978,
          0.9279404540370526,
          0.3726868109053921,
          1.4498945385133437
        ],
        [
          -0.2702480249544604,
          -0.35742701580322844,
          0.8939865398216083,
          3.541297747397693
        ],
        [
          0.0,
          0.0,
          0.0,
          1.0
        ]
      ]
    },
    {
      "file_path": "./rgbd/64.jpg",
      "transform_matrix": [
        [
          0.9634746564260915,
          -0.10779111429443203,
          0.24514824515747563,
          1.0363694746318777
        ],
        [
          0.008569972997919109,
          0.9273584896395406,
          0.37407591108795724,
          1.4526206668906925
        ],
        [
          -0.2676623656538962,
          -0.3583117460712599,
          0.8944101691281944,
          3.545773840873446
        ],
        [
          0.0,
          0.0,
          0.0,
          1.0
        ]
      ]
    },
    {
      "file_path": "./rgbd/65.jpg",
      "transform_matrix": [
        [
          0.9642213116575088,
          -0.10985357091726246,
          0.24126635717024367,
          1.0208602083609108
        ],
        [
          0.011588333545260647,
          0.9266966889425658,
          0.37563141139756856,
          1.4543031781692686
        ],
        [
          -0.2648451862336134,
          -0.35939593717738605,
          0.8948137167417982,
          3.5534791972184445
        ],
        [
          0.0,
          0.0,
          0.0,
          1.0
        ]
      ]
    },
    {
      "file_path": "./rgbd/66.jpg",
      "transform_matrix": [
        [
          0.965166675196101,
          -0.11077933422920512,
          0.23702579648350178,
          1.01219430962156
        ],
        [
          0.013667362631127725,
          0.9260487562224664,
          0.3771563393309628,
          1.4555369440359354
        ],
        [
          -0.2612785721975945,
          -0.3607792125477259,
          0.8953054604456678,
          3.5624467210384583
        ],
        [
          0.0,
          0.0,
          0.0,
          1.0
        ]
      ]
    },
    {
      "file_path": "./rgbd/67.jpg",
      "transform_matrix": [
        [
          0.9659663115072586,
          -0.11028022178648307,
          0.23398153285203088,
          1.007441584480491
