{
  "fl_x": 732.6513671875,
  "fl_y": 732.6513671875,
  "cx": 359.1200866699219,
  "cy": 480.76617431640625,
  "w": 720,
  "h": 960,
  "aabb_scale": 1,
  "scale": 1.0,
  "camera_angle_x": 0.9134332274796672,
  "camera_angle_y": 1.159980786145216,
  "frames": [
    {
      "file_path": "./rgbd/0",
      "transform_matrix": [
        [
          0.9834728899114508,
          -0.10539198172291864,
          0.14721958089104917,
          0.07861674576997757
        ],
        [
          -0.025618320216650607,
          0.7239357142075776,
          0.6893916037812198,
          -0.011780555360019207
        ],
        [
          -0.17923385974334574,
          -0.6817694712168337,
          0.7092711834257911,
          -0.03482414036989212
        ],
        [
          0.0,
          0.0,
          0.0,
          1.0
        ]
      ]
    },
    {
      "file_path": "./rgbd/1",
      "transform_matrix": [
        [
          0.9829594147992008,
          -0.10913929158106554,
          0.14791688169643244,
          0.07858189195394516
        ],
        [
          -0.022557233597064907,
          0.7269749478511575,
          0.686293374883697,
          -0.010687720961868763
        ],
        [
          -0.1824334401091551,
          -0.677935129809623,
          0.7121249888186407,
          -0.0344470776617527
        ],
        [
          0.0,
          0.0,
          0.0,
          1.0
        ]
      ]
    },
    {
      "file_path": "./rgbd/2",
      "transform_matrix": [
        [
          0.9802717557113222,
          -0.11621930449962371,
          0.1598760714311723,
          0.08078263700008392
        ],
        [
          -0.024174415151981855,
          0.732297355746881,
          0.6805557878808948,
          -0.012187874875962734
        ],
        [
          -0.196170544696958,
          -0.6709945275691521,
          0.7150408809051053,
          -0.035448405891656876
        ],
        [
          0.0,
          0.0,
          0.0,
          1.0
        ]
      ]
    },
    {
      "file_path": "./rgbd/3",
      "transform_matrix": [
        [
          0.9766208826383108,
          -0.11741137750342794,
          0.1800728186804279,
          0.08570366352796555
        ],
        [
          -0.03345728422165615,
          0.744442686024046,
          0.6668475818039793,
          -0.016211558133363724
        ],
        [
          -0.21234938598281383,
          -0.6572820214018114,
          0.7231100072704503,
          -0.03702948987483978
        ],
        [
          0.0,
          0.0,
          0.0,
          1.0
        ]
      ]
    },
    {
      "file_path": "./rgbd/4",
      "transform_matrix": [
        [
          0.9657303011939907,
          -0.1369825198422959,
          0.22045583370239738,
          0.09722480922937393
        ],
        [
          -0.04230453754237206,
          0.7549504746848823,
          0.6544158516389996,
          -0.025986412540078163
        ],
        [
          -0.25607676868292856,
          -0.641315499602751,
          0.7232835671506604,
          -0.037961263209581375
        ],
        [
          0.0,
          0.0,
          0.0,
          1.0
        ]
      ]
    },
    {
      "file_path": "./rgbd/5",
      "transform_matrix": [
        [
          0.955630853397022,
          -0.17356452539520892,
          0.2380021587297373,
          0.10552671551704407
        ],
        [
          -0.028957935349196547,
          0.7487052088286025,
          0.6622702984833537,
          -0.03481015935540199
        ],
        [
          -0.2931400859930128,
          -0.6397779816446129,
          0.7104597273503646,
          -0.039340440183877945
        ],
        [
          0.0,
          0.0,
          0.0,
          1.0
        ]
      ]
    },
    {
      "file_path": "./rgbd/6",
      "transform_matrix": [
        [
          0.9447557589307621,
          -0.20610635043909697,
          0.25486609871820154,
          0.11412753164768219
        ],
        [
          -0.017661194953003594,
          0.744424733877068,
          0.667472769320883,
          -0.042683716863393784
        ],
        [
          -0.32729900421478814,
          -0.6350999826017418,
          0.699659469984703,
          -0.04179137945175171
        ],
        [
          0.0,
          0.0,
          0.0,
          1.0
        ]
      ]
    },
    {
      "file_path": "./rgbd/7",
      "transform_matrix": [
        [
          0.9357973932861778,
          -0.22132895107986428,
          0.2744025038746579,
          0.12929430603981018
        ],
        [
          -0.02926698701475524,
          0.7269017520097607,
          0.6861175456116966,
          -0.051415227353572845
        ],
        [
          -0.3513213375100817,
          -0.6500979451890517,
          0.673755133168646,
          -0.050366904586553574
        ],
        [
          0.0,
          0.0,
          0.0,
          1.0
        ]
      ]
    },
    {
      "file_path": "./rgbd/8",
      "transform_matrix": [
        [
          0.9120222498660736,
          -0.2600940512106318,
          0.3171222166201333,
          0.14467936754226685
        ],
        [
          -0.03809892389134339,
          0.7161344374406795,
          0.6969217599629411,
          -0.05333911255002022
        ],
        [
          -0.4083673441248053,
          -0.6476901666972897,
          0.6432212373795583,
          -0.0677025094628334
        ],
        [
          0.0,
          0.0,
          0.0,
          1.0
        ]
      ]
    },
    {
      "file_path": "./rgbd/9",
      "transform_matrix": [
        [
          0.8864679077544537,
          -0.2900510084404488,
          0.3606176105296581,
          0.16400200128555298
        ],
        [
          -0.04288078109912703,
          0.7243936475523967,
          0.6880516564895859,
          -0.04956768453121185
        ],
        [
          -0.46079918308713413,
          -0.6253992771729218,
          0.6297141073358743,
          -0.09145137667655945
        ],
        [
          0.0,
          0.0,
          0.0,
          1.0
        ]
      ]
    },
    {
      "file_path": "./rgbd/10",
      "transform_matrix": [
        [
          0.8579066855601452,
          -0.3216906498682311,
          0.4006385461467254,
          0.1806703358888626
        ],
        [
          -0.05023634049728612,
          0.7234945854103186,
          0.6884997421752549,
          -0.042153336107730865
        ],
        [
          -0.511343748338285,
          -0.6107951462391519,
          0.6045302807685039,
          -0.11889276653528214
        ],
        [
          0.0,
          0.0,
          0.0,
          1.0
        ]
      ]
    },
    {
      "file_path": "./rgbd/11",
      "transform_matrix": [
        [
          0.814093305981265,
          -0.36913431143771036,
          0.4483212567745389,
          0.1891731470823288
        ],
        [
          -0.06090066345600207,
          0.713468145630307,
          0.6980360408757343,
          -0.03209548816084862
        ],
        [
          -0.5775319890249486,
          -0.595569530189598,
          0.5583491169175682,
          -0.1398356407880783
        ],
        [
          0.0,
          0.0,
          0.0,
          1.0
        ]
      ]
    },
    {
      "file_path": "./rgbd/12",
      "transform_matrix": [
        [
          0.7823464424483374,
          -0.40391851602734985,
          0.47411378001350396,
          0.1986960917711258
        ],
        [
          -0.05849698732496282,
          0.7101932130645677,
          0.7015723074572771,
          -0.02039174921810627
        ],
        [
          -0.6200904341000052,
          -0.5766068266395122,
          0.5319891173796492,
          -0.14049626886844635
        ],
        [
          0.0,
          0.0,
          0.0,
          1.0
        ]
      ]
    },
    {
      "file_path": "./rgbd/13",
      "transform_matrix": [
        [
          0.7190107370536855,
          -0.4649623211605207,
          0.5165593866173925,
          0.20872116088867188
        ],
        [
          -0.058258881929431676,
          0.7003136332857679,
          0.7114539463032162,
          -0.015579484403133392
        ],
        [
          -0.6925528591218497,
          -0.541637198625711,
          0.47644483666741916,
          -0.14971420168876648
        ],
        [
          0.0,
          0.0,
          0.0,
          1.0
        ]
      ]
    },
    {
      "file_path": "./rgbd/14",
      "transform_matrix": [
        [
          0.6318839442767286,
          -0.5302602782403368,
          0.5652846347511709,
          0.22508187592029572
        ],
        [
          -0.04745004988046138,
          0.7015061124058347,
          0.7110820395872715,
          -0.009118969552218914
        ],
        [
          -0.773609186690299,
          -0.47614410799434737,
          0.41810957258910164,
          -0.15629330277442932
        ],
        [
          0.0,
          0.0,
          0.0,
          1.0
        ]
      ]
    },
    {
      "file_path": "./rgbd/15",
      "transform_matrix": [
        [
          0.5452107410239116,
          -0.5861058719825908,
          0.5993539477634933,
          0.24120628833770752
        ],
        [
          -0.02843942248903128,
          0.7016209098582407,
          0.7119826529475175,
          -0.008682981133460999
        ],
        [
          -0.8378164757992336,
          -0.4052258699506012,
          0.3658627436650675,
          -0.1595936417579651
        ],
        [
          0.0,
          0.0,
          0.0,
          1.0
        ]
      ]
    },
    {
      "file_path": "./rgbd/16",
      "transform_matrix": [
        [
          0.4787329198612491,
          -0.6156881013701959,
          0.6258937236242957,
          0.25413602590560913
        ],
        [
          -0.02185585185103513,
          0.7043166753018828,
          0.7095493940745548,
          -0.01219561044126749
        ],
        [
          -0.8776885057815149,
          -0.35336409370911703,
          0.32372319054424553,
          -0.16358093917369843
        ],
        [
          0.0,
          0.0,
          0.0,
          1.0
        ]
      ]
    },
    {
      "file_path": "./rgbd/17",
      "transform_matrix": [
        [
          0.4275396295807484,
          -0.6183326367592812,
          0.6594502372857796,
          0.2623177468776703
        ],
        [
          -0.01455632129415759,
          0.7246796439718256,
          0.6889321643843094,
          -0.009402689523994923
        ],
        [
          -0.9038794049254233,
          -0.30414497189857126,
          0.3008286180210913,
          -0.17288704216480255
        ],
        [
          0.0,
          0.0,
          0.0,
          1.0
        ]
      ]
    },
    {
      "file_path": "./rgbd/18",
      "transform_matrix": [
        [
          0.3963210581296063,
          -0.6123478226703878,
          0.6840758459073558,
          0.2703258991241455
        ],
        [
          -0.021814756547602072,
          0.738598766896093,
          0.6737922364767492,
          -0.016475960612297058
        ],
        [
          -0.9178527851893232,
          -0.28196100015854303,
          0.2793640261554733,
          -0.18624341487884521
        ],
        [
          0.0,
          0.0,
          0.0,
          1.0
        ]
      ]
    },
    {
      "file_path": "./rgbd/19",
      "transform_matrix": [
        [
          0.3434985007852866,
          -0.6115044028459438,
          0.7127910951031069,
          0.2706509828567505
        ],
        [
          -0.028260776007794423,
          0.751898073513378,
          0.6586733754952511,
          -0.029136108234524727
        ],
        [
          -0.9387279203782627,
          -0.24639734646886224,
          0.24099427203858123,
          -0.19897522032260895
        ],
        [
          0.0,
          0.0,
          0.0,
          1.0
        ]
      ]
    },
    {
      "file_path": "./rgbd/20",
      "transform_matrix": [
        [
          0.30846993715576304,
          -0.6299300689672803,
          0.7127653232881052,
          0.2685784697532654
        ],
        [
          -0.02189375528834045,
          0.7444057562323707,
          0.6673685140666187,
          -0.036826834082603455
        ],
        [
          -0.9509821035910686,
          -0.22146823315994943,
          0.21583526206465056,
          -0.21449199318885803
        ],
        [
          0.0,
          0.0,
          0.0,
          1.0
        ]
      ]
    },
    {
      "file_path": "./rgbd/21",
      "transform_matrix": [
        [
          0.2462427425358631,
          -0.6548515996197293,
          0.7145165458013539,
          0.26669207215309143
        ],
        [
          -0.013482609368774852,
          0.7348310107981417,
          0.6781162177783321,
          -0.042371489107608795
        ],
        [
          -0.9691144055234271,
          -0.17661474469834912,
          0.17211769508714464,
          -0.2288854718208313
        ],
        [
          0.0,
          0.0,
          0.0,
          1.0
        ]
      ]
    },
    {
      "file_path": "./rgbd/22",
      "transform_matrix": [
        [
          0.20439892956601555,
          -0.6437398881137208,
          0.7374415461876295,
          0.2686220109462738
        ],
        [
          -0.016717116175187875,
          0.7509410396306401,
          0.6601576274082117,
          -0.04708248749375343
        ],
        [
          -0.9787449185661465,
          -0.1472634083871078,
          0.1427300701714942,
          -0.24347108602523804
        ],
        [
          0.0,
          0.0,
          0.0,
          1.0
        ]
      ]
    },
    {
      "file_path": "./rgbd/23",
      "transform_matrix": [
        [
          0.1603447915174895,
          -0.6456520459935353,
          0.746607650200274,
          0.2715335190296173
        ],
        [
          -0.027049677818336983,
          0.7532362437029088,
          0.6571936366872829,
          -0.04891575127840042
        ],
        [
          -0.9866903580977859,
          -0.12557307305586615,
          0.10331282863308458,
          -0.2583025395870209
        ],
        [
          0.0,
          0.0,
          0.0,
          1.0
        ]
      ]
    },
    {
      "file_path": "./rgbd/24",
      "transform_matrix": [
        [
          0.10927370736533772,
          -0.6581328021370779,
          0.7449298434281127,
          0.2765727639198303
        ],
        [
          -0.02246584676218763,
          0.74759095796541,
          0.6637793649230282,
          -0.04517499729990959
        ],
        [
          -0.9937577887030082,
          -0.08926911178878505,
          0.0669065248877039,
          -0.2696322500705719
        ],
        [
          0.0,
          0.0,
          0.0,
          1.0
        ]
      ]
    },
    {
      "file_path": "./rgbd/25",
      "transform_matrix": [
        [
          0.05794579182429575,
          -0.6694885461189298,
          0.7405588240142826,
          0.28300416469573975
        ],
        [
          -0.038244350538320405,
          0.7397720839763335,
          0.6717697770971949,
          -0.03909306228160858
        ],
        [
          -0.9975869159435471,
          -0.06724842291737618,
          0.01726252453635524,
          -0.28434932231903076
        ],
        [
          0.0,
          0.0,
          0.0,
          1.0
        ]
      ]
    },
    {
      "file_path": "./rgbd/26",
      "transform_matrix": [
        [
          -0.006050726258804087,
          -0.678467500248025,
          0.73460549944779,
          0.2862972915172577
        ],
        [
          -0.04703366248768054,
          0.7339990089329241,
          0.6775199550407944,
          -0.035651691257953644
        ],
        [
          -0.9988749788160357,
          -0.030451699339792238,
          -0.03635203849281256,
          -0.3017110228538513
        ],
        [
          0.0,
          0.0,
          0.0,
          1.0
        ]
      ]
    },
    {
      "file_path": "./rgbd/27",
      "transform_matrix": [
        [
          -0.08718794064337457,
          -0.6679491388031848,
          0.739082005584259,
          0.28914904594421387
        ],
        [
          -0.04911134494525664,
          0.7438871741678187,
          0.6664982729957258,
          -0.02793799340724945
        ],
        [
          -0.9949805720736636,
          0.0218133005457824,
          -0.09766187134836177,
          -0.3231755495071411
        ],
        [
          0.0,
          0.0,
          0.0,
          1.0
        ]
      ]
    },
    {
      "file_path": "./rgbd/28",
      "transform_matrix": [
        [
          -0.16640655888105463,
          -0.6537293600735686,
          0.7382051076355193,
          0.2932940423488617
        ],
        [
          -0.04828712608663244,
          0.7531475982570248,
          0.6560770143008889,
          -0.014489687979221344
        ],
        [
          -0.9848742105546575,
          0.07352971520057501,
          -0.15689541219188843,
          -0.34836238622665405
        ],
        [
          0.0,
          0.0,
          0.0,
          1.0
        ]
      ]
    },
    {
      "file_path": "./rgbd/29",
      "transform_matrix": [
        [
          -0.23021321231880748,
          -0.6383565881220086,
          0.7345085045628026,
          0.297756552696228
        ],
        [
          -0.04391336207986967,
          0.7608274927334466,
          0.647466711832956,
          -0.0025159530341625214
        ],
        [
          -0.9721489050061716,
          0.11680065368895048,
          -0.20318492511290284,
          -0.37444114685058594
        ],
        [
          0.0,
          0.0,
          0.0,
          1.0
        ]
      ]
    },
    {
      "file_path": "./rgbd/30",
      "transform_matrix": [
        [
          -0.28920395746552113,
          -0.6070841842738721,
          0.7401417865455299,
          0.30041250586509705
        ],
        [
          -0.04261691234119668,
          0.7805804143993584,
          0.6236008462459212,
          0.0065489280968904495
        ],
        [
          -0.9563183935116923,
          0.1488052749759008,
          -0.25161899842929736,
          -0.3995192050933838
        ],
        [
          0.0,
          0.0,
          0.0,
          1.0
        ]
      ]
    },
    {
      "file_path": "./rgbd/31",
      "transform_matrix": [
        [
          -0.3357443783703655,
          -0.5830753198945071,
          0.7397965150787175,
          0.2977031469345093
        ],
        [
          -0.05519422029888898,
          0.7962140348864324,
          0.602492164841556,
          -0.020340975373983383
        ],
        [
          -0.9403346800146715,
          0.161450865528139,
          -0.29950677384980834,
          -0.40958449244499207
        ],
        [
          0.0,
          0.0,
          0.0,
          1.0
        ]
      ]
    },
    {
      "file_path": "./rgbd/32",
      "transform_matrix": [
        [
          -0.3657890843982894,
          -0.577277188849608,
          0.7300338300167707,
          0.29531052708625793
        ],
        [
          -0.07368413663115575,
          0.7998946289131572,
          0.5955998914076492,
          -0.05547717958688736
        ],
        [
          -0.9277763705462552,
          0.1640720264694029,
          -0.3351288951824973,
          -0.41529715061187744
        ],
        [
          0.0,
          0.0,
          0.0,
          1.0
        ]
      ]
    },
    {
      "file_path": "./rgbd/33",
      "transform_matrix": [
        [
          -0.39206305323835583,
          -0.5329202564144863,
          0.749855027714382,
          0.2946845293045044
        ],
        [
          -0.08071980513206747,
          0.831899314088685,
          0.5490244477964681,
          -0.07323569059371948
        ],
        [
          -0.9163901327190616,
          0.15472404959117964,
          -0.36917420431721254,
          -0.42640694975852966
        ],
        [
          0.0,
          0.0,
          0.0,
          1.0
        ]
      ]
    },
    {
      "file_path": "./rgbd/34",
      "transform_matrix": [
        [
          -0.4015059671067807,
          -0.5104946503673747,
          0.7603868557017147,
          0.2917327284812927
        ],
        [
          -0.0830578446180319,
          0.8471215326691427,
          0.5248680818412272,
          -0.08942298591136932
        ],
        [
          -0.9120824265520389,
          0.14758157349267598,
          -0.3825249355798525,
          -0.44206303358078003
        ],
        [
          0.0,
          0.0,
          0.0,
          1.0
        ]
      ]
    },
    {
      "file_path": "./rgbd/35",
      "transform_matrix": [
        [
          -0.426153601740311,
          -0.47619038445100387,
          0.769178669413138,
          0.29149913787841797
        ],
        [
          -0.09561728048633704,
          0.8691960603942385,
          0.48513456305187375,
          -0.10425518453121185
        ],
        [
          -0.8995834832833235,
          0.1331950687958845,
          -0.4159430613104419,
          -0.4657316207885742
        ],
        [
          0.0,
          0.0,
          0.0,
          1.0
        ]
      ]
    },
    {
      "file_path": "./rgbd/36",
      "transform_matrix": [
        [
          -0.4686085720100491,
          -0.46373260734026234,
          0.7519029692241577,
          0.28872451186180115
        ],
        [
          -0.120690620659914,
          0.8767673948199509,
          0.4655241233978761,
          -0.12522517144680023
        ],
        [
          -0.8751227230071376,
          0.12740095867001278,
          -0.4668288930716845,
          -0.4878122806549072
        ],
        [
          0.0,
          0.0,
          0.0,
          1.0
        ]
      ]
    },
    {
      "file_path": "./rgbd/37",
      "transform_matrix": [
        [
          -0.5070098850179511,
          -0.43875948142724325,
          0.7419104352627617,
          0.2862384617328644
        ],
        [
          -0.13245898100432002,
          0.8901817661994591,
          0.43592549991633744,
          -0.1414603292942047
        ],
        [
          -0.8517015879082187,
          0.12274583733759815,
          -0.5094485887417008,
          -0.5045390725135803
        ],
        [
          0.0,
          0.0,
          0.0,
          1.0
        ]
      ]
    },
    {
      "file_path": "./rgbd/38",
      "transform_matrix": [
        [
          -0.5384734449266809,
          -0.40077974122446675,
          0.7412300237664703,
          0.28260159492492676
        ],
        [
          -0.15347340073420299,
          0.911582527931287,
          0.38139639489313854,
          -0.15355558693408966
        ],
        [
          -0.8285482872928237,
          0.09161273816699075,
          -0.5523720139812253,
          -0.5194574594497681
        ],
        [
          0.0,
          0.0,
          0.0,
          1.0
        ]
      ]
    },
    {
      "file_path": "./rgbd/39",
      "transform_matrix": [
        [
          -0.5628301903956997,
          -0.39089470902223233,
          0.7283017940644969,
          0.2762407958507538
        ],
        [
          -0.1698834275745808,
          0.9170049158302676,
          0.3608900183970677,
          -0.16569504141807556
        ],
        [
          -0.8089263240954967,
          0.07939339268193596,
          -0.5825245843600073,
          -0.5282047986984253
        ],
        [
          0.0,
          0.0,
          0.0,
          1.0
        ]
      ]
    },
    {
      "file_path": "./rgbd/40",
      "transform_matrix": [
        [
          -0.5908561422409087,
          -0.38159181927714203,
          0.7108281808123202,
          0.2669113278388977
        ],
        [
          -0.191677977873996,
          0.9222402531562881,
          0.3357565610027034,
          -0.17184202373027802
        ],
        [
          -0.783676318370236,
          0.062133718052174845,
          -0.6180540664915051,
          -0.5336179733276367
        ],
        [
          0.0,
          0.0,
          0.0,
          1.0
        ]
      ]
    },
    {
      "file_path": "./rgbd/41",
      "transform_matrix": [
        [
          -0.6132678781107808,
          -0.4070081107643931,
          0.676939367631622,
          0.2542600929737091
        ],
        [
          -0.20143641897139847,
          0.9092722136174045,
          0.3642079222851756,
          -0.16668951511383057
        ],
        [
          -0.763757735665885,
          0.08699677761448885,
          -0.6396136973949318,
          -0.5332870483398438
        ],
        [
          0.0,
          0.0,
          0.0,
          1.0
        ]
      ]
    },
    {
      "file_path": "./rgbd/42",
      "transform_matrix": [
        [
          -0.657776584798855,
          -0.42033806303835,
          0.6250167015780641,
          0.23992300033569336
        ],
        [
          -0.19029823856336386,
          0.8956222650347574,
          0.402053900333888,
          -0.15012209117412567
        ],
        [
          -0.7287774316552591,
          0.14552206408369484,
          -0.6691089477617118,
          -0.5338184833526611
        ],
        [
          0.0,
          0.0,
          0.0,
          1.0
        ]
      ]
    },
    {
      "file_path": "./rgbd/43",
      "transform_matrix": [
        [
          -0.6928932414993965,
          -0.41574346233582016,
          0.589114869452031,
          0.22473372519016266
        ],
        [
          -0.16507833242152822,
          0.8868004839133441,
          0.431664274518967,
          -0.13288117945194244
        ],
        [
          -0.7018889513658029,
          0.20184715815706475,
          -0.6830882993395,
          -0.5323788523674011
        ],
        [
          0.0,
          0.0,
          0.0,
          1.0
        ]
      ]
    },
    {
      "file_path": "./rgbd/44",
      "transform_matrix": [
        [
          -0.7378691244518845,
          -0.3993952515889225,
          0.5440887686663187,
          0.20774105191230774
        ],
        [
          -0.14529579128743556,
          0.8812184054249959,
          0.4498258051450424,
          -0.114107646048069
        ],
        [
          -0.6591193277508766,
          0.2528587648242571,
          -0.7082543023778843,
          -0.5333357453346252
        ],
        [
          0.0,
          0.0,
          0.0,
          1.0
        ]
      ]
    },
    {
      "file_path": "./rgbd/45",
      "transform_matrix": [
        [
          -0.7742885822973213,
          -0.3908558834907198,
          0.49770359619425414,
          0.19119538366794586
        ],
        [
          -0.13634985154711063,
          0.8710352615873904,
          0.4719176740221407,
          -0.1012389287352562
        ],
        [
          -0.6179691815188564,
          0.29753865532410306,
          -0.7277257995157512,
          -0.5404104590415955
        ],
        [
          0.0,
          0.0,
          0.0,
          1.0
        ]
      ]
    },
    {
      "file_path": "./rgbd/46",
      "transform_matrix": [
        [
          -0.8158893766388022,
          -0.3668597854455574,
          0.44692104773750213,
          0.16943226754665375
        ],
        [
          -0.1317855352178975,
          0.8705836848518358,
          0.4740428465625571,
          -0.08964726328849792
        ],
        [
          -0.5629894295590987,
          0.3278687931057778,
          -0.7586467931205415,
          -0.5560107827186584
        ],
        [
          0.0,
          0.0,
          0.0,
          1.0
        ]
      ]
    },
    {
      "file_path": "./rgbd/47",
      "transform_matrix": [
        [
          -0.856587055135958,
          -0.33323162187032745,
          0.39397373409807224,
          0.14534971117973328
        ],
        [
          -0.11579749714334524,
          0.8681776990140022,
          0.48255406183151084,
          -0.07666619122028351
        ],
        [
          -0.5028414826054474,
          0.36772839041937433,
          -0.7822571663147178,
          -0.5737057328224182
        ],
        [
          0.0,
          0.0,
          0.0,
          1.0
        ]
      ]
    },
    {
      "file_path": "./rgbd/48",
      "transform_matrix": [
        [
          -0.8867880827403526,
          -0.30684413102355607,
          0.34562056588994877,
          0.12454067170619965
        ],
        [
          -0.1047084815958883,
          0.8617509623070022,
          0.49640851407368036,
          -0.06508129835128784
        ],
        [
          -0.4501588943823871,
          0.4040197497887382,
          -0.7963196667099667,
          -0.5873363018035889
        ],
        [
          0.0,
          0.0,
          0.0,
          1.0
        ]
      ]
    },
    {
      "file_path": "./rgbd/49",
      "transform_matrix": [
        [
          -0.9153020638095801,
          -0.2852050681518445,
          0.284394446300249,
          0.10381682217121124
        ],
        [
          -0.10736710582679054,
          0.8533251021124716,
          0.5102044440134944,
          -0.05838446691632271
        ],
        [
          -0.38819381315562235,
          0.4364565719579004,
          -0.8116718697986619,
          -0.6006909012794495
        ],
        [
          0.0,
          0.0,
          0.0,
          1.0
        ]
      ]
    },
    {
      "file_path": "./rgbd/50",
      "transform_matrix": [
        [
          -0.9420761993257462,
          -0.2601764405285105,
          0.21166165089092412,
          0.08560419082641602
        ],
        [
          -0.11815898955794571,
          0.848068500707556,
          0.5165445491864988,
          -0.05905307084321976
        ],
        [
          -0.31389630111009953,
          0.46161459888260953,
          -0.8296873352340901,
          -0.6159586310386658
        ],
        [
          0.0,
          0.0,
          0.0,
          1.0
        ]
      ]
    },
    {
      "file_path": "./rgbd/51",
      "transform_matrix": [
        [
          -0.9639270007401708,
          -0.22657222211537273,
          0.1396773618370614,
          0.06787312030792236
        ],
        [
          -0.13164856574100722,
          0.8619332807289747,
          0.4896321830824874,
          -0.06193927302956581
        ],
        [
          -0.23132961847198658,
          0.4535813573522273,
          -0.8606686702094579,
          -0.6339234709739685
        ],
        [
          0.0,
          0.0,
          0.0,
          1.0
        ]
      ]
    },
    {
      "file_path": "./rgbd/52",
      "transform_matrix": [
        [
          -0.9730595805533286,
          -0.20655787928744723,
          0.10241530743815747,
          0.050295788794755936
        ],
        [
          -0.1341710459627556,
          0.8685814008988159,
          0.4770371897849377,
          -0.06334163248538971
        ],
        [
          -0.18749182147133794,
          0.4504444388788953,
          -0.8728955403508698,
          -0.6468903422355652
        ],
        [
          0.0,
          0.0,
          0.0,
          1.0
        ]
      ]
    },
    {
      "file_path": "./rgbd/53",
      "transform_matrix": [
        [
          -0.9798831573859924,
          -0.18900577979303873,
          0.06407661879409515,
          0.04145229607820511
        ],
        [
          -0.1383629129657154,
          0.8747626502673548,
          0.46437701279550375,
          -0.07050047069787979
        ],
        [
          -0.1438217722978698,
          0.446169385886189,
          -0.8833165779668356,
          -0.6480244994163513
        ],
        [
          0.0,
          0.0,
          0.0,
          1.0
        ]
      ]
    },
    {
      "file_path": "./rgbd/54",
      "transform_matrix": [
        [
          -0.97980241719673,
          -0.1933577616894415,
          0.050990187780536315,
          0.035939186811447144
        ],
        [
          -0.1522336490493558,
          0.8865957349569519,
          0.43677559324355564,
          -0.0831289291381836
        ],
        [
          -0.12966163408102943,
          0.4201913596810286,
          -0.8981242018211323,
          -0.6461952924728394
        ],
        [
          0.0,
          0.0,
          0.0,
          1.0
        ]
      ]
    },
    {
      "file_path": "./rgbd/55",
      "transform_matrix": [
        [
          -0.9813935018311849,
          -0.1876146357072268,
          0.040835560874914203,
          0.02804262563586235
        ],
        [
          -0.15305507878585667,
          0.8928184232179993,
          0.4236146905153088,
          -0.092554472386837
        ],
        [
          -0.1159350569128228,
          0.40948261456497786,
          -0.9049215717108584,
          -0.6465287208557129
        ],
        [
          0.0,
          0.0,
          0.0,
          1.0
        ]
      ]
    },
    {
      "file_path": "./rgbd/56",
      "transform_matrix": [
        [
          -0.9851763660805111,
          -0.17003979371908218,
          0.02267148579980255,
          0.01981465518474579
        ],
        [
          -0.1465341214120398,
          0.9028757213297341,
          0.4041573741691643,
          -0.10716211050748825
        ],
        [
          -0.08919237062888416,
          0.39484414695583914,
          -0.9144084539396579,
          -0.6497684717178345
        ],
        [
          0.0,
          0.0,
          0.0,
          1.0
        ]
      ]
    },
    {
      "file_path": "./rgbd/57",
      "transform_matrix": [
        [
          -0.9888485128369269,
          -0.14817147972951586,
          -0.01496099110900545,
          0.00705456268042326
        ],
        [
          -0.1429269442716428,
          0.9159984425126313,
          0.37485829578069146,
          -0.12857355177402496
        ],
        [
          -0.04183906382041525,
          0.3728163970498069,
          -0.9269613944655042,
          -0.6603057384490967
        ],
        [
          0.0,
          0.0,
          0.0,
          1.0
        ]
      ]
    },
    {
      "file_path": "./rgbd/58",
      "transform_matrix": [
        [
          -0.9870361162533091,
          -0.14511229904762366,
          -0.06857204880049284,
          -0.0069819362834095955
        ],
        [
          -0.1597731368777711,
          0.9289508386918442,
          0.3339504215088765,
          -0.15106716752052307
        ],
        [
          0.015239748810959844,
          0.3405770984062673,
          -0.9400930752310361,
          -0.6730450987815857
        ],
        [
          0.0,
          0.0,
          0.0,
          1.0
        ]
      ]
    },
    {
      "file_path": "./rgbd/59",
      "transform_matrix": [
        [
          -0.9827264801913269,
          -0.14561927684132273,
          -0.11420898100839642,
          -0.02193603478372097
        ],
        [
          -0.17450650797645353,
          0.934614719237923,
          0.30990773668574734,
          -0.17216479778289795
        ],
        [
          0.061612854215902124,
          0.32448474971256924,
          -0.9438821448673249,
          -0.6816943883895874
        ],
        [
          0.0,
          0.0,
          0.0,
          1.0
        ]
      ]
    },
    {
      "file_path": "./rgbd/60",
      "transform_matrix": [
        [
          -0.9815036417525747,
          -0.13919165262719074,
          -0.13143928280900274,
          -0.04295673966407776
        ],
        [
          -0.17336907165212717,
          0.9374557267243621,
          0.30186077159209995,
          -0.19165776669979095
        ],
        [
          0.08120200872461925,
          0.3190649530591065,
          -0.9442477373594691,
          -0.6897546648979187
        ],
        [
          0.0,
          0.0,
          0.0,
          1.0
        ]
      ]
    },
    {
      "file_path": "./rgbd/61",
      "transform_matrix": [
        [
          -0.9808473378223052,
          -0.13477023639354185,
          -0.14062532940166203,
          -0.06351288408041
        ],
        [
          -0.16877055897899113,
          0.9484712207349429,
          0.2681768853937389,
          -0.20622234046459198
        ],
        [
          0.09723681560404984,
          0.2867739995536495,
          -0.9530507199888092,
          -0.6962228417396545
        ],
        [
          0.0,
          0.0,
          0.0,
          1.0
        ]
      ]
    },
    {
      "file_path": "./rgbd/62",
      "transform_matrix": [
        [
          -0.9757969409800159,
          -0.13640319455940753,
          -0.17092249263344994,
          -0.07758773863315582
        ],
        [
          -0.17713520554684692,
          0.9513684538101703,
          0.25203409303251445,
          -0.21529927849769592
        ],
        [
          0.1282320121105476,
          0.2762104878690059,
          -0.952504234878379,
          -0.6977022886276245
        ],
        [
          0.0,
          0.0,
          0.0,
          1.0
        ]
      ]
    },
    {
      "file_path": "./rgbd/63",
      "transform_matrix": [
        [
          -0.97110664732258,
          -0.12850267108750754,
          -0.20109436354426757,
          -0.08738113194704056
        ],
        [
          -0.17687249860247564,
          0.9532553700548826,
          0.24499044613953014,
          -0.21305395662784576
        ],
        [
          0.1602123552164921,
          0.2734799133115714,
          -0.948441214968582,
          -0.6955599188804626
        ],
        [
          0.0,
          0.0,
          0.0,
          1.0
        ]
      ]
    },
    {
      "file_path": "./rgbd/64",
      "transform_matrix": [
        [
          -0.962482327218282,
          -0.12126566218649838,
          -0.24273938486976088,
          -0.09490910172462463
        ],
        [
          -0.18326542495807074,
          0.9502271388882598,
          0.25195667987804854,
          -0.20399755239486694
        ],
        [
          0.20010385755256588,
          0.28698958812943326,
          -0.9368006311365725,
          -0.6938417553901672
        ],
        [
          0.0,
          0.0,
          0.0,
          1.0
        ]
      ]
    },
    {
      "file_path": "./rgbd/65",
      "transform_matrix": [
        [
          -0.9530418631675113,
          -0.10693336494494722,
          -0.28333101226612895,
          -0.10270056128501892
        ],
        [
          -0.1865544131546709,
          0.9442930883763326,
          0.27112361420061465,
          -0.18765407800674438
        ],
        [
          0.23855535622306812,
          0.31124880514828984,
          -0.9198997354663424,
          -0.6948873400688171
        ],
        [
          0.0,
          0.0,
          0.0,
          1.0
        ]
      ]
    },
    {
      "file_path": "./rgbd/66",
      "transform_matrix": [
        [
          -0.9490452964621552,
          -0.08594118208231986,
          -0.3031948853218902,
          -0.11256968975067139
        ],
        [
          -0.1788444151284472,
          0.9390375769138174,
          0.29363770929700217,
          -0.16733002662658691
        ],
        [
          0.25947581860440144,
          0.3329001988075715,
          -0.9065592960162372,
          -0.6947493553161621
        ],
        [
          0.0,
          0.0,
          0.0,
          1.0
        ]
      ]
    },
    {
      "file_path": "./rgbd/67",
      "transform_matrix": [
        [
          -0.9444524612294818,
