{
  "fl_x": 727.6376953125,
  "fl_y": 727.6376953125,
  "cx": 359.95697021484375,
  "cy": 481.6285400390625,
  "w": 720,
  "h": 960,
  "aabb_scale": 1,
  "scale": 1.0,
  "camera_angle_x": 0.9188803512732515,
  "camera_angle_y": 1.166284753535202,
  "frames": [
    {
      "file_path": "./rgbd/0",
      "transform_matrix": [
        [
          -0.17398320146820842,
          0.23405662601789953,
          -0.9565287980108023,
          -4.550363820787778
        ],
        [
          0.03186807042695705,
          0.9721725932976606,
          0.23208807579917598,
          0.658704092915163
        ],
        [
          0.9842328340865973,
          0.00989669934971602,
          -0.17660063320341196,
          -0.6529126597092862
        ],
        [
          0.0,
          0.0,
          0.0,
          1.0
        ]
      ]
    },
    {
      "file_path": "./rgbd/1",
      "transform_matrix": [
        [
          -0.165573173976255,
          0.2396859978853031,
          -0.9566274857420499,
          -4.574267930856989
        ],
        [
          0.04053132638636049,
          0.9708504036868904,
          0.23623442857120783,
          0.7069099103433768
        ],
        [
          0.985364265457598,
          0.00034070328622731575,
          -0.1704615742050966,
          -0.6458891476176023
        ],
        [
          0.0,
          0.0,
          0.0,
          1.0
        ]
      ]
    },
    {
      "file_path": "./rgbd/2",
      "transform_matrix": [
        [
          -0.15560552956484514,
          0.2551300816539069,
          -0.954303704595196,
          -4.586338710595027
        ],
        [
          0.04202011214610432,
          0.9669062797068169,
          0.25164768315792585,
          0.787068328999897
        ],
        [
          0.9869251386726722,
          -0.000942177686977532,
          -0.16117655833629543,
          -0.5903846964291724
        ],
        [
          0.0,
          0.0,
          0.0,
          1.0
        ]
      ]
    },
    {
      "file_path": "./rgbd/3",
      "transform_matrix": [
        [
          -0.15343637584288483,
          0.2646523820370117,
          -0.9520590292888024,
          -4.5861638852075535
        ],
        [
          0.04357275151981962,
          0.9643428184850811,
          0.26104471601862017,
          0.9111711962649847
        ],
        [
          0.9871973935810371,
          -0.0014300763565695041,
          -0.15949689962009075,
          -0.5074975665943008
        ],
        [
          0.0,
          0.0,
          0.0,
          1.0
        ]
      ]
    },
    {
      "file_path": "./rgbd/4",
      "transform_matrix": [
        [
          -0.1391364589195825,
          0.2949059056712234,
          -0.9453420294261518,
          -4.567050512621923
        ],
        [
          0.04498295449767442,
          0.9555242648173539,
          0.2914616838452631,
          1.0479211799465884
        ],
        [
          0.9892510195112157,
          -0.0019713308934469816,
          -0.14621400155432812,
          -0.43058842127733793
        ],
        [
          0.0,
          0.0,
          0.0,
          1.0
        ]
      ]
    },
    {
      "file_path": "./rgbd/5",
      "transform_matrix": [
        [
          -0.12198719593266283,
          0.31848641364940955,
          -0.9400454927019349,
          -4.501814549753205
        ],
        [
          0.041764015169196894,
          0.9479271335397826,
          0.3157371003477392,
          1.2151230715584358
        ],
        [
          0.991652606039753,
          -0.0007441906936082931,
          -0.1289362443798419,
          -0.3579703259558795
        ],
        [
          0.0,
          0.0,
          0.0,
          1.0
        ]
      ]
    },
    {
      "file_path": "./rgbd/6",
      "transform_matrix": [
        [
          -0.09507231249742205,
          0.33773677302788685,
          -0.9364267870693906,
          -4.435837535988334
        ],
        [
          0.05072258995928734,
          0.9411093607888709,
          0.3342759188206424,
          1.4059883621649507
        ],
        [
          0.9941772851278661,
          -0.01571760733293459,
          -0.10660432709563505,
          -0.2648686314577963
        ],
        [
          0.0,
          0.0,
          0.0,
          1.0
        ]
      ]
    },
    {
      "file_path": "./rgbd/7",
      "transform_matrix": [
        [
          -0.06511788119453037,
          0.3564939653123006,
          -0.9320255974192163,
          -4.386771616793767
        ],
        [
          0.044534285913361976,
          0.9341155652531059,
          0.35418188566054204,
          1.6207122625765855
        ],
        [
          0.9968833226245295,
          -0.018443520482341488,
          -0.0767038305777195,
          -0.12617502000762978
        ],
        [
          0.0,
          0.0,
          0.0,
          1.0
        ]
      ]
    },
    {
      "file_path": "./rgbd/8",
      "transform_matrix": [
        [
          -0.01884920482069602,
          0.3915233489465347,
          -0.9199750946125212,
          -4.363527668262327
        ],
        [
          0.04442666712699159,
          0.9195577258324775,
          0.3904354749632639,
          1.8688428156668124
        ],
        [
          0.9988348105295565,
          -0.03351202905662481,
          -0.03472700941476248,
          0.03783891761698266
        ],
        [
          0.0,
          0.0,
          0.0,
          1.0
        ]
      ]
    },
    {
      "file_path": "./rgbd/9",
      "transform_matrix": [
        [
          0.024719601424410348,
          0.4568332353215757,
          -0.8892088260982568,
          -4.325752337897524
        ],
        [
          0.051378007387495477,
          0.8877246016896488,
          0.4574989966238665,
          2.1006178992754663
        ],
        [
          0.9983732977510509,
          -0.05699497048491203,
          -0.001526983010793878,
          0.19250002317857517
        ],
        [
          0.0,
          0.0,
          0.0,
          1.0
        ]
      ]
    },
    {
      "file_path": "./rgbd/10",
      "transform_matrix": [
        [
          0.08223455025784522,
          0.4856353241515933,
          -0.8702849020177627,
          -4.296814822269585
        ],
        [
          0.049082960988356586,
          0.8702093630236807,
          0.49023109596040043,
          2.2493156978236954
        ],
        [
          0.9954036074299235,
          -0.08303009359320766,
          0.04772485592851774,
          0.36456016879491
        ],
        [
          0.0,
          0.0,
          0.0,
          1.0
        ]
      ]
    },
    {
      "file_path": "./rgbd/11",
      "transform_matrix": [
        [
          0.12615871943549506,
          0.4968675801225547,
          -0.8586073522475525,
          -4.201414956726479
        ],
        [
          0.03707071855457176,
          0.8625569421314018,
          0.5046001222817661,
          2.4056572145723387
        ],
        [
          0.9913171739338746,
          -0.0954888967581169,
          0.0903998410378797,
          0.5682663188779387
        ],
        [
          0.0,
          0.0,
          0.0,
          1.0
        ]
      ]
    },
    {
      "file_path": "./rgbd/12",
      "transform_matrix": [
        [
          0.17600539253907055,
          0.5144981344434966,
          -0.8392340385442725,
          -4.043819002589366
        ],
        [
          0.03964777508663667,
          0.8481460786914137,
          0.5282767107596715,
          2.6248959969237937
        ],
        [
          0.9835904410514811,
          -0.12625331225175812,
          0.12887957719364582,
          0.7040740067677355
        ],
        [
          0.0,
          0.0,
          0.0,
          1.0
        ]
      ]
    },
    {
      "file_path": "./rgbd/13",
      "transform_matrix": [
        [
          0.19420192853226764,
          0.5174829884774483,
          -0.8333648466252922,
          -3.88278394605391
        ],
        [
          0.04540138095550206,
          0.84388686341254,
          0.5345967418223554,
          2.79821873409779
        ],
        [
          0.9799103660854299,
          -0.14165563312552668,
          0.14039001403990528,
          0.8016207019756647
        ],
        [
          0.0,
          0.0,
          0.0,
          1.0
        ]
      ]
    },
    {
      "file_path": "./rgbd/14",
      "transform_matrix": [
        [
          0.20469471430370112,
          0.5583886503698533,
          -0.8039292189454618,
          -3.697398583311067
        ],
        [
          0.0497395616950902,
          0.8143250403567446,
          0.578273901062781,
          2.9300370762521797
        ],
        [
          0.9775612768202855,
          -0.15835669795155613,
          0.13891402476126422,
          0.7588253388896087
        ],
        [
          0.0,
          0.0,
          0.0,
          1.0
        ]
      ]
    },
    {
      "file_path": "./rgbd/15",
      "transform_matrix": [
        [
          0.2044866013789274,
          0.5784888531078929,
          -0.7896428792095893,
          -3.563912876640334
        ],
        [
          0.05938171993161455,
          0.7978720233702422,
          0.599895028868417,
          2.994474419790251
        ],
        [
          0.9770665490100757,
          -0.16956084793663376,
          0.12880247533549524,
          0.6501341775638324
        ],
        [
          0.0,
          0.0,
          0.0,
          1.0
        ]
      ]
    },
    {
      "file_path": "./rgbd/16",
      "transform_matrix": [
        [
          0.2166049257097419,
          0.5649953844746871,
          -0.7961548352428549,
          -3.534216044777253
        ],
        [
          0.05132980779638196,
          0.807796689421451,
          0.5872220699116562,
          2.9312940414330995
        ],
        [
          0.9749089993378168,
          -0.16806166749751103,
          0.14597163740978028,
          0.6197354348167197
        ],
        [
          0.0,
          0.0,
          0.0,
          1.0
        ]
      ]
    },
    {
      "file_path": "./rgbd/17",
      "transform_matrix": [
        [
          0.25113546716643786,
          0.525336948416919,
          -0.8129895865010168,
          -3.561741910634703
        ],
        [
          0.018718059427872896,
          0.8371141909733764,
          0.5467078429309791,
          2.7245464677832127
        ],
        [
          0.9677709498545354,
          -0.1525153169323948,
          0.20039577520162824,
          0.7655544854734679
        ],
        [
          0.0,
          0.0,
          0.0,
          1.0
        ]
      ]
    },
    {
      "file_path": "./rgbd/18",
      "transform_matrix": [
        [
          0.2815758246952009,
          0.5073551948367865,
          -0.8144358545762482,
          -3.557885314773739
        ],
        [
          -0.0035391155848968105,
          0.8493216484764665,
          0.527863819644891,
          2.469316487286126
        ],
        [
          0.959532453650263,
          -0.14575130771743944,
          0.24094403227837385,
          1.0127601926939584
        ],
        [
          0.0,
          0.0,
          0.0,
          1.0
        ]
      ]
    },
    {
      "file_path": "./rgbd/19",
      "transform_matrix": [
        [
          0.3251844869005182,
          0.441704900677305,
          -0.8361529944913781,
          -3.4980219709021285
        ],
        [
          0.00418841767584986,
          0.8835278216495007,
          0.4683599529514245,
          2.244059357279263
        ],
        [
          0.9456413202883106,
          -0.15580554896710233,
          0.2854594967319191,
          1.4062738745559389
        ],
        [
          0.0,
          0.0,
          0.0,
          1.0
        ]
      ]
    },
    {
      "file_path": "./rgbd/20",
      "transform_matrix": [
        [
          0.37025138214846237,
          0.41219150604057103,
          -0.8324734688656208,
          -3.367437843796613
        ],
        [
          -0.004744502691982208,
          0.8969897118865516,
          0.44202595677616874,
          2.0335059882424775
        ],
        [
          0.9289194818235645,
          -0.15971104882783618,
          0.3340673243089684,
          1.879014116619198
        ],
        [
          0.0,
          0.0,
          0.0,
          1.0
        ]
      ]
    },
    {
      "file_path": "./rgbd/21",
      "transform_matrix": [
        [
          0.46530509801273917,
          0.3476815045954436,
          -0.8140078237496269,
          -3.2954880641821163
        ],
        [
          -0.031242473621232697,
          0.9255046346291584,
          0.3774454650965814,
          1.820702231592133
        ],
        [
          0.8845988207121812,
          -0.15019568117025398,
          0.44150445496327856,
          2.279078205676353
        ],
        [
          0.0,
          0.0,
          0.0,
          1.0
        ]
      ]
    },
    {
      "file_path": "./rgbd/22",
      "transform_matrix": [
        [
          0.5616039101495952,
          0.3101207606115127,
          -0.7670894093535788,
          -3.238098369076537
        ],
        [
          -0.04138855489156529,
          0.9364701116033859,
          0.3482968814065527,
          1.6224189301884337
        ],
        [
          0.8263703985675391,
          -0.1638561683650608,
          0.5387607265382728,
          2.5673104736018093
        ],
        [
          0.0,
          0.0,
          0.0,
          1.0
        ]
      ]
    },
    {
      "file_path": "./rgbd/23",
      "transform_matrix": [
        [
          0.6240955438098772,
          0.2958459781939743,
          -0.7231734988113874,
          -3.1726484408082256
        ],
        [
          -0.0592348407089459,
          0.9407969089299334,
          0.3337550146350881,
          1.4145313221438387
        ],
        [
          0.7790994710836601,
          -0.16545795035093527,
          0.6046715478859808,
          2.755285600479975
        ],
        [
          0.0,
          0.0,
          0.0,
          1.0
        ]
      ]
    },
    {
      "file_path": "./rgbd/24",
      "transform_matrix": [
        [
          0.6795862049433581,
          0.27204017649493745,
          -0.681290490483529,
          -3.1284411017849134
        ],
        [
          -0.06648884398631093,
          0.9477188628466988,
          0.3121028526462457,
          1.3155778696669365
        ],
        [
          0.7305763640277778,
          -0.16680257605074159,
          0.6621443022082032,
          2.848672364733004
        ],
        [
          0.0,
          0.0,
          0.0,
          1.0
        ]
      ]
    },
    {
      "file_path": "./rgbd/25",
      "transform_matrix": [
        [
          0.695728343121678,
          0.24399850140181867,
          -0.67559366774033,
          -3.0653708862535436
        ],
        [
          -0.05071146907223504,
          0.954876463599612,
          0.29264190774397786,
          1.2399039178991507
        ],
        [
          0.7165126792190774,
          -0.16933892221567307,
          0.6767081423635553,
          2.9374314748862904
        ],
        [
          0.0,
          0.0,
          0.0,
          1.0
        ]
      ]
    },
    {
      "file_path": "./rgbd/26",
      "transform_matrix": [
        [
          0.6976895699574392,
          0.23558780187853415,
          -0.6765557268833394,
          -3.0109949720812614
        ],
        [
          -0.038746655590858256,
          0.9554091256242866,
          0.29273212900937184,
          1.030399827353969
        ],
        [
          0.7153516342702564,
          -0.1780218814637028,
          0.6757072214110166,
          3.054707345537217
        ],
        [
          0.0,
          0.0,
          0.0,
          1.0
        ]
      ]
    },
    {
      "file_path": "./rgbd/27",
      "transform_matrix": [
        [
          0.7284485652749737,
          0.1901594622849655,
          -0.6581808768509803,
          -3.030262295381234
        ],
        [
          -0.026820661817110607,
          0.9678860668704813,
          0.2499544231608685,
          0.8370409918085947
        ],
        [
          0.6845752988886793,
          -0.16442609422315885,
          0.710155419390708,
          3.2405617360919736
        ],
        [
          0.0,
          0.0,
          0.0,
          1.0
        ]
      ]
    },
    {
      "file_path": "./rgbd/28",
      "transform_matrix": [
        [
          0.7485462714436804,
          0.20204104790124638,
          -0.6315519728975048,
          -2.9901098616136315
        ],
        [
          -0.057564944202041335,
          0.968653258807759,
          0.2416550049142888,
          0.7092423288990055
        ],
        [
          0.6605791070771011,
          -0.14453469882376113,
          0.7367122668512754,
          3.429168974165889
        ],
        [
          0.0,
          0.0,
          0.0,
          1.0
        ]
      ]
    },
    {
      "file_path": "./rgbd/29",
      "transform_matrix": [
        [
          0.7761311836295639,
          0.18098555538036662,
          -0.6040402424850784,
          -2.9384607016190953
        ],
        [
          -0.05550280048882934,
          0.9738147630344864,
          0.22046370774797447,
          0.6489539897291174
        ],
        [
          0.6281240521868824,
          -0.13758283337592428,
          0.7658532098415357,
          3.669233586174949
        ],
        [
          0.0,
          0.0,
          0.0,
          1.0
        ]
      ]
    },
    {
      "file_path": "./rgbd/30",
      "transform_matrix": [
        [
          0.825423917212189,
          0.18861443138913156,
          -0.5320713797657602,
          -2.80450009613463
        ],
        [
          -0.04968444470608181,
          0.9631464142711209,
          0.2643490885759407,
          0.7982418239600669
        ],
        [
          0.562322694587666,
          -0.19176438915616434,
          0.8043752894036648,
          3.854507399883248
        ],
        [
          0.0,
          0.0,
          0.0,
          1.0
        ]
      ]
    },
    {
      "file_path": "./rgbd/31",
      "transform_matrix": [
        [
          0.8587909636491331,
          0.18798089094302506,
          -0.4765933962979974,
          -2.6614198678260306
        ],
        [
          -0.023631579297694456,
          0.9437982895950263,
          0.32967610926089225,
          1.1222288191245924
        ],
        [
          0.511780840999827,
          -0.2718602089268849,
          0.8149677279424875,
          3.9472000812546693
        ],
        [
          0.0,
          0.0,
          0.0,
          1.0
        ]
      ]
    },
    {
      "file_path": "./rgbd/32",
      "transform_matrix": [
        [
          0.8868574282354601,
          0.17641011333746268,
          -0.4270402485666303,
          -2.450872695957831
        ],
        [
          -0.01391025820735597,
          0.9340182716869465,
          0.356954300816693,
          1.3709697933205192
        ],
        [
          0.4618337435703356,
          -0.31062733309738383,
          0.8307949525801276,
          3.9702678997315664
        ],
        [
          0.0,
          0.0,
          0.0,
          1.0
        ]
      ]
    },
    {
      "file_path": "./rgbd/33",
      "transform_matrix": [
        [
          0.9066295161254617,
          0.19659558684285136,
          -0.3733270626729679,
          -2.2116385045392657
        ],
        [
          -0.029456452323090753,
          0.9121463814331567,
          0.40880471652726275,
          1.5273667584196668
        ],
        [
          0.42089813245801966,
          -0.359637531512373,
          0.8327698409651002,
          4.003697384083896
        ],
        [
          0.0,
          0.0,
          0.0,
          1.0
        ]
      ]
    },
    {
      "file_path": "./rgbd/34",
      "transform_matrix": [
        [
          0.910318158159989,
          0.2030740094779683,
          -0.3606685425688627,
          -1.9691687387853856
        ],
        [
          -0.025131430414348854,
          0.8968812334541294,
          0.44155686415582807,
          1.701138627232749
        ],
        [
          0.4131455701439073,
          -0.3928931149210198,
          0.8215508128643805,
          4.073895648155989
        ],
        [
          0.0,
          0.0,
          0.0,
          1.0
        ]
      ]
    },
    {
      "file_path": "./rgbd/35",
      "transform_matrix": [
        [
          0.9208706272743359,
          0.18984277395927518,
          -0.3405246085069603,
          -1.7433204315121156
        ],
        [
          -0.009736926357819229,
          0.8843615277714718,
          0.4667010611331527,
          1.8953004853601336
        ],
        [
          0.38974668707825266,
          -0.426455635879227,
          0.8162310399258109,
          4.145847384771091
        ],
        [
          0.0,
          0.0,
          0.0,
          1.0
        ]
      ]
    },
    {
      "file_path": "./rgbd/36",
      "transform_matrix": [
        [
          0.9248369051394685,
          0.1797113179429427,
          -0.33523207050528464,
          -1.5441995338490324
        ],
        [
          0.010279398288733504,
          0.869214832324677,
          0.49432773464332846,
          2.1139780162461155
        ],
        [
          0.3802249766426071,
          -0.46061851620402094,
          0.8020346312143477,
          4.077448908923017
        ],
        [
          0.0,
          0.0,
          0.0,
          1.0
        ]
      ]
    },
    {
      "file_path": "./rgbd/37",
      "transform_matrix": [
        [
          0.9351368842356711,
          0.1866188184778162,
          -0.3011518293684181,
          -1.3704439733743339
        ],
        [
          0.00828708891806577,
          0.8382687118348686,
          0.5451943606788079,
          2.262155578799906
        ],
        [
          0.3541896835020255,
          -0.5123270277358534,
          0.7823494645949987,
          3.882675161939478
        ],
        [
          0.0,
          0.0,
          0.0,
          1.0
        ]
      ]
    },
    {
      "file_path": "./rgbd/38",
      "transform_matrix": [
        [
          0.9448299271645304,
          0.18059650440126512,
          -0.2732788161060281,
          -1.1931031877893752
        ],
        [
          0.014458266863685275,
          0.8104769503932019,
          0.5855920691066726,
          2.362255181298411
        ],
        [
          0.3272420621704474,
          -0.557236050053637,
          0.7631517655532573,
          3.581105934883878
        ],
        [
          0.0,
          0.0,
          0.0,
          1.0
        ]
      ]
    },
    {
      "file_path": "./rgbd/39",
      "transform_matrix": [
        [
          0.9496929484764907,
          0.1833549371653574,
          -0.25389815011361927,
          -1.0080178984727914
        ],
        [
          0.02510866313511767,
          0.7635174092206561,
          0.6452989391379352,
          2.4722017585129605
        ],
        [
          0.31217440421917564,
          -0.6192108952804894,
          0.7205033022244505,
          3.2416524377630718
        ],
        [
          0.0,
          0.0,
          0.0,
          1.0
        ]
      ]
    },
    {
      "file_path": "./rgbd/40",
      "transform_matrix": [
        [
          0.9538543649925605,
          0.18326964692649303,
          -0.23785307839100547,
          -0.8264760849202059
        ],
        [
          0.02633048810015847,
          0.7380287271585837,
          0.6742553694892525,
          2.5729390170422657
        ],
        [
          0.29911294820025197,
          -0.6494042149571556,
          0.6991463436326002,
          2.976253800575323
        ],
        [
          0.0,
          0.0,
          0.0,
          1.0
        ]
      ]
    },
    {
      "file_path": "./rgbd/41",
      "transform_matrix": [
        [
          0.96068358636608,
          0.16546853843644357,
          -0.22295113741471193,
          -0.6750512060274636
        ],
        [
          0.02036801305635523,
          0.7588413671353087,
          0.6509569291192405,
          2.6829509091520416
        ],
        [
          0.27689743756658836,
          -0.6299047089139141,
          0.725636180711198,
          2.846829522495652
        ],
        [
          0.0,
          0.0,
          0.0,
          1.0
        ]
      ]
    },
    {
      "file_path": "./rgbd/42",
      "transform_matrix": [
        [
          0.9736670726185729,
          0.14267494865172775,
          -0.17780970368797588,
          -0.5709700857959759
        ],
        [
          -0.0034516737415351034,
          0.7890905384840463,
          0.6142672122320546,
          2.7469420565519362
        ],
        [
          0.22794849779448195,
          -0.5974780172543462,
          0.7688039420106106,
          2.913698928536876
        ],
        [
          0.0,
          0.0,
          0.0,
          1.0
        ]
      ]
    },
    {
      "file_path": "./rgbd/43",
      "transform_matrix": [
        [
          0.9869016126918517,
          0.11077588134623548,
          -0.11727706927693647,
          -0.4341470407584133
        ],
        [
          -0.021891537898216566,
          0.8122051976555331,
          0.5829609570715585,
          2.638862947165698
        ],
        [
          0.15983105904258266,
          -0.5727577332636384,
          0.8039916738076491,
          3.1453927966203796
        ],
        [
          0.0,
          0.0,
          0.0,
          1.0
        ]
      ]
    },
    {
      "file_path": "./rgbd/44",
      "transform_matrix": [
        [
          0.9966418978435817,
          0.07056475241664573,
          -0.04153965790808597,
          -0.19827889038223231
        ],
        [
          -0.036909820177283795,
          0.8399861124979199,
          0.5413510838495773,
          2.504010520196723
        ],
        [
          0.07309304096303487,
          -0.5379999503039095,
          0.8397698856447323,
          3.4193781001338843
        ],
        [
          0.0,
          0.0,
          0.0,
          1.0
        ]
      ]
    },
    {
      "file_path": "./rgbd/45",
      "transform_matrix": [
        [
          0.99916930401118,
          0.037916301577263216,
          0.01493505930742962,
          0.11597887626937879
        ],
        [
          -0.04022420127502109,
          0.8588384931186148,
          0.5106647201144148,
          2.3129113680177866
        ],
        [
          0.006535713702496868,
          -0.5108412638114203,
          0.8596502123735852,
          3.6795424130340186
        ],
        [
          0.0,
          0.0,
          0.0,
          1.0
        ]
      ]
    },
    {
      "file_path": "./rgbd/46",
      "transform_matrix": [
        [
          0.9976581879444609,
          0.013066419370984314,
          0.06713723789519807,
          0.4064342968832936
        ],
        [
          -0.04484258868576059,
          0.8661374200608728,
          0.49779022872115025,
          2.0774235280927122
        ],
        [
          -0.051645738133311164,
          -0.4996351051068339,
          0.8646950210782693,
          3.8567096778985754
        ],
        [
          0.0,
          0.0,
          0.0,
          1.0
        ]
      ]
    },
    {
      "file_path": "./rgbd/47",
      "transform_matrix": [
        [
          0.9926855626678193,
          -0.006674982192842204,
          0.12054384382290305,
          0.7198518579413793
        ],
        [
          -0.048737744388903506,
          0.8913364592503773,
          0.45071493061899165,
          1.885245416246314
        ],
        [
          -0.11045363707346675,
          -0.45329323955219736,
          0.8844915110013872,
          3.9211282668475054
        ],
        [
          0.0,
          0.0,
          0.0,
          1.0
        ]
      ]
    },
    {
      "file_path": "./rgbd/48",
      "transform_matrix": [
        [
          0.9834158394412453,
          -0.02528552106897107,
          0.17959378931450168,
          0.9899701282573545
        ],
        [
          -0.04937616813122926,
          0.9155031661825059,
          0.3992692659477857,
          1.6816217863555065
        ],
        [
          -0.17451441418045552,
          -0.4015153734716489,
          0.8990718125428996,
          3.8882728360062804
        ],
        [
          0.0,
          0.0,
          0.0,
          1.0
        ]
      ]
    },
    {
      "file_path": "./rgbd/49",
      "transform_matrix": [
        [
          0.9755312890625996,
          -0.03395218886788117,
          0.21722327898027544,
          1.2639345570977283
        ],
        [
          -0.0519964826135657,
          0.9243490527037266,
          0.3779883524151775,
          1.4483160021061636
        ],
        [
          -0.21362366408167424,
          -0.3800343111309859,
          0.8999660285296979,
          3.8094494179298453
        ],
        [
          0.0,
          0.0,
          0.0,
          1.0
        ]
      ]
    },
    {
      "file_path": "./rgbd/50",
      "transform_matrix": [
        [
          0.961745216983828,
          -0.03893729096794323,
          0.27116420298558525,
          1.48295684625714
        ],
        [
          -0.053795418673841626,
          0.9437305443042786,
          0.3263107608965056,
          1.2949528771965255
        ],
        [
          -0.2686115979224204,
          -0.3284152053715359,
          0.9055336892365387,
          3.740115495792085
        ],
        [
          0.0,
          0.0,
          0.0,
          1.0
        ]
      ]
    },
    {
      "file_path": "./rgbd/51",
      "transform_matrix": [
        [
          0.9536946032128236,
          -0.05871764677535966,
          0.29498956212025385,
          1.6902580064534594
        ],
        [
          -0.03710184441835532,
          0.9503032111410495,
          0.3091071982917353,
          1.1057590281909502
        ],
        [
          -0.29847957542098447,
          -0.3057385236638885,
          0.904120510885764,
          3.666722102063868
        ],
        [
          0.0,
          0.0,
          0.0,
          1.0
        ]
      ]
    },
    {
      "file_path": "./rgbd/52",
      "transform_matrix": [
        [
          0.93766885424699,
          -0.05408426698375666,
          0.3432958080722321,
          1.9147598973097757
        ],
        [
          -0.04380562438092322,
          0.9615439578878962,
          0.27113517721217456,
          0.9711395658357856
        ],
        [
          -0.34475815733312903,
          -0.269273298182552,
          0.8992406262164515,
          3.681115189187737
        ],
        [
          0.0,
          0.0,
          0.0,
          1.0
        ]
      ]
    },
    {
      "file_path": "./rgbd/53",
      "transform_matrix": [
        [
          0.9165246528794361,
          -0.051477966824621815,
          0.3966517106931877,
          2.1303065533928653
        ],
        [
          -0.05235874465425727,
          0.9677086987786149,
          0.2465733890070662,
          0.8972181081107065
        ],
        [
          -0.39653640756235664,
          -0.24675877540586647,
          0.8842335575161901,
          3.6483028123598453
        ],
        [
          0.0,
          0.0,
          0.0,
          1.0
        ]
      ]
    },
    {
      "file_path": "./rgbd/54",
      "transform_matrix": [
        [
          0.890636771275646,
          -0.05147257137160099,
          0.45179277998667466,
          2.294574574929495
        ],
        [
          -0.06637730845000522,
          0.9682126721102368,
          0.2411602672251126,
          0.9301873711538491
        ],
        [
          -0.44984463381774964,
          -0.24477499047400716,
          0.8589091974497794,
          3.5958591101192576
        ],
        [
          0.0,
          0.0,
          0.0,
          1.0
        ]
      ]
    },
    {
      "file_path": "./rgbd/55",
      "transform_matrix": [
        [
          0.8621544740319703,
          -0.051276665073011894,
          0.5040440124886384,
          2.3990627512870386
        ],
        [
          -0.0901545736706863,
          0.9634609345386677,
          0.25222049969051663,
          1.078519536755517
        ],
        [
          -0.4985597414081018,
          -0.26289490530793336,
          0.8260293293886237,
          3.533101362351318
        ],
        [
          0.0,
          0.0,
          0.0,
          1.0
        ]
      ]
    },
    {
      "file_path": "./rgbd/56",
      "transform_matrix": [
        [
          0.835506527407157,
          -0.08181720718275665,
          0.5433551207717172,
          2.429884206165055
        ],
        [
          -0.08397638535633378,
          0.9582231881222868,
          0.27341596231245346,
          1.2857264347559787
        ],
        [
          -0.5430256065440359,
          -0.2740698202166271,
          0.7937310150699086,
          3.3728621527289837
        ],
        [
          0.0,
          0.0,
          0.0,
          1.0
        ]
      ]
    },
    {
      "file_path": "./rgbd/57",
      "transform_matrix": [
        [
          0.8199228933437358,
          -0.13907510213701002,
          0.5553238378967872,
          2.43649625887932
        ],
        [
          -0.06554472646436404,
          0.9408570613745794,
          0.3324031872505176,
          1.438694734793349
        ],
        [
          -0.5687093614523578,
          -0.30894353210120973,
          0.7623146044575562,
          3.100318506328593
        ],
        [
          0.0,
          0.0,
          0.0,
          1.0
        ]
      ]
    },
    {
      "file_path": "./rgbd/58",
      "transform_matrix": [
        [
          0.8049386067717913,
          -0.1676314589474345,
          0.5691867297288667,
          2.4072769351641123
        ],
        [
          -0.06332237554288796,
          0.9295168919793847,
          0.36330238683580146,
          1.5510389639170616
        ],
        [
          -0.5899695891178569,
          -0.32847837295039595,
          0.7375892098044599,
          2.790890617172682
        ],
        [
          0.0,
          0.0,
          0.0,
          1.0
        ]
      ]
    },
    {
      "file_path": "./rgbd/59",
      "transform_matrix": [
        [
          0.7940588291664223,
          -0.19960269282048565,
          0.5741335566239454,
          2.3456392440763616
        ],
        [
          -0.06372108853511466,
          0.9120060656460056,
          0.4051969386616755,
          1.6818042766620196
        ],
        [
          -0.6044916862114403,
          -0.35833462188812343,
          0.7114675678184812,
          2.4799427908794156
        ],
        [
          0.0,
          0.0,
          0.0,
          1.0
        ]
      ]
    },
    {
      "file_path": "./rgbd/60",
      "transform_matrix": [
        [
          0.7789413269219692,
          -0.23869363987267778,
          0.5798928827786856,
          2.3188048517663784
        ],
        [
          -0.05032443107046013,
          0.8979504723245658,
          0.4372097904776649,
          1.8660889896473503
        ],
        [
          -0.6250742842658594,
          -0.36974355374559476,
          0.6874386107959765,
          2.2585743841601325
        ],
        [
          0.0,
          0.0,
          0.0,
          1.0
        ]
      ]
    },
    {
      "file_path": "./rgbd/61",
      "transform_matrix": [
        [
          0.7418618783602149,
          -0.2876697869854123,
          0.6057120166313537,
          2.2856141214879857
        ],
        [
          -0.044187759192005224,
          0.8803665212647886,
          0.4722311194465311,
          2.0426446918225203
        ],
        [
          -0.6690952065090909,
          -0.3770953220233607,
          0.6403988778368173,
          2.123926871462948
        ],
        [
          0.0,
          0.0,
          0.0,
          1.0
        ]
      ]
    },
    {
      "file_path": "./rgbd/62",
      "transform_matrix": [
        [
          0.6900501047326576,
          -0.31360673647953646,
          0.6522895582431955,
          2.3045213566764473
        ],
        [
          -0.05994931676406492,
          0.8733860204279577,
          0.48332487908293853,
          2.206110669277442
        ],
        [
          -0.7212745194293019,
          -0.372622696780094,
          0.5838796052837949,
          2.060084619192496
        ],
        [
          0.0,
          0.0,
          0.0,
          1.0
        ]
      ]
    },
    {
      "file_path": "./rgbd/63",
      "transform_matrix": [
        [
          0.6641826441309414,
          -0.34722984553875613,
          0.6620368944419658,
          2.3508944430371073
        ],
        [
          -0.057078999105673975,
          0.8594449594259411,
          0.50803183913849,
          2.3766370156687953
        ],
        [
          -0.7453880889149795,
          -0.37521433352748357,
          0.5510088935935613,
          1.9476148158632296
        ],
        [
          0.0,
          0.0,
          0.0,
          1.0
        ]
      ]
    },
    {
      "file_path": "./rgbd/64",
      "transform_matrix": [
        [
          0.6424829505512581,
          -0.3939149137420719,
          0.6573025931658304,
          2.371403809388378
        ],
        [
          -0.05228388276099051,
          0.8332288226189529,
          0.550450837732552,
          2.460062483753711
        ],
        [
          -0.764514260072619,
          -0.3880216100793992,
          0.5147399112726797,
          1.7737891295334813
        ],
        [
          0.0,
          0.0,
          0.0,
          1.0
        ]
      ]
    },
    {
      "file_path": "./rgbd/65",
      "transform_matrix": [
        [
          0.6046507739870526,
          -0.4220801189867317,
          0.6754597061801725,
          2.4008945038542895
        ],
        [
          -0.042549137641378,
          0.8297167053387876,
          0.5565606523710808,
          2.4595306688390206
        ],
        [
          -0.7953533883770368,
          -0.36526505723637775,
          0.48372970299462953,
          1.551016248712599
        ],
        [
          0.0,
          0.0,
          0.0,
          1.0
        ]
      ]
    },
    {
      "file_path": "./rgbd/66",
      "transform_matrix": [
        [
          0.5681374347143094,
          -0.4637648081211022,
          0.6798103103253443,
          2.432060390838969
        ],
        [
          -0.03613427856190258,
          0.8112262252798708,
          0.5836148775785133,
          2.4257720822181095
        ],
        [
          -0.8221399936683864,
          -0.3561379145311117,
          0.44413017983962305,
          1.3208690634414004
        ],
        [
          0.0,
          0.0,
          0.0,
          1.0
        ]
      ]
    },
    {
      "file_path": "./rgbd/67",
      "transform_matrix": [
        [
          0.5335556782502604,
          -0.46623014395420903,
          0.7056541582640479,
          2.512240010335388
        ],
        [
          -0.03582100929723141,
          0.8211325833898283,
          0.5696122679406355,
          2.377488800182573
        ],
        [
          -0.8450060316351784,
          -0.3291971041245413,
          0.4214191181427152,
