{
  "fl_x": 733.4296264648438,
  "fl_y": 733.4296264648438,
  "cx": 359.9453125,
  "cy": 480.96710205078125,
  "w": 720,
  "h": 960,
  "aabb_scale": 16,
  "scale": 1.0,
  "camera_angle_x": 0.9125930623347154,
  "camera_angle_y": 1.159007643089691,
  "frames": [
    {
      "file_path": "./rgbd/0",
      "transform_matrix": [
        [
          0.6124217717607475,
          -0.46929745405864975,
          0.63615994300765,
          0.24666601419448853
        ],
        [
          0.010128122937652808,
          0.8093165011213934,
          0.5872854690339149,
          -0.7338988780975342
        ],
        [
          -0.7904663146517926,
          -0.3532233013643,
          0.5003961478410062,
          0.2636183798313141
        ],
        [
          0.0,
          0.0,
          0.0,
          1.0
        ]
      ]
    },
    {
      "file_path": "./rgbd/1",
      "transform_matrix": [
        [
          0.6083704178526632,
          -0.4563346564900053,
          0.6493412939032333,
          0.24986033141613007
        ],
        [
          0.005070380095950365,
          0.8203855893682384,
          0.5717882265337503,
          -0.7438808679580688
        ],
        [
          -0.7936370240402466,
          -0.34456663512748525,
          0.5014121139636177,
          0.2594265937805176
        ],
        [
          0.0,
          0.0,
          0.0,
          1.0
        ]
      ]
    },
    {
      "file_path": "./rgbd/2",
      "transform_matrix": [
        [
          0.58998482678823,
          -0.41758846922189463,
          0.6910410802062182,
          0.25481510162353516
        ],
        [
          -0.003136648913404683,
          0.8546773753363753,
          0.519150022172511,
          -0.7515681385993958
        ],
        [
          -0.8074082397357957,
          -0.3084581891619016,
          0.5029368548294153,
          0.2534239590167999
        ],
        [
          0.0,
          0.0,
          0.0,
          1.0
        ]
      ]
    },
    {
      "file_path": "./rgbd/3",
      "transform_matrix": [
        [
          0.579308559577662,
          -0.3894127933744983,
          0.716072111701276,
          0.26272836327552795
        ],
        [
          -0.01550082153615724,
          0.873077318695187,
          0.4873353261479484,
          -0.76044762134552
        ],
        [
          -0.8149609299418953,
          -0.2934172318325788,
          0.49974494567924155,
          0.24925768375396729
        ],
        [
          0.0,
          0.0,
          0.0,
          1.0
        ]
      ]
    },
    {
      "file_path": "./rgbd/4",
      "transform_matrix": [
        [
          0.5533389760931207,
          -0.36664785729200317,
          0.747920668439775,
          0.27380460500717163
        ],
        [
          -0.019431454477567986,
          0.8919848336342577,
          0.4516475120526537,
          -0.7721293568611145
        ],
        [
          -0.8327294855552452,
          -0.26444735829584043,
          0.48644547338550537,
          0.24528202414512634
        ],
        [
          0.0,
          0.0,
          0.0,
          1.0
        ]
      ]
    },
    {
      "file_path": "./rgbd/5",
      "transform_matrix": [
        [
          0.5185351682618211,
          -0.3124879396030328,
          0.7959098987186527,
          0.2857954800128937
        ],
        [
          -0.026288248602219844,
          0.9245612745757974,
          0.38012547604732416,
          -0.7823779582977295
        ],
        [
          -0.8546520972074617,
          -0.2180315049652877,
          0.47120277543904504,
          0.24281984567642212
        ],
        [
          0.0,
          0.0,
          0.0,
          1.0
        ]
      ]
    },
    {
      "file_path": "./rgbd/6",
      "transform_matrix": [
        [
          0.48398550488806485,
          -0.2876514823017265,
          0.8264470072472065,
          0.2958972454071045
        ],
        [
          -0.039425027425922084,
          0.936302140198067,
          0.3489756001112175,
          -0.7941415905952454
        ],
        [
          -0.8741874503049732,
          -0.2014818279402354,
          0.44181599647268455,
          0.24191874265670776
        ],
        [
          0.0,
          0.0,
          0.0,
          1.0
        ]
      ]
    },
    {
      "file_path": "./rgbd/7",
      "transform_matrix": [
        [
          0.4557370416522149,
          -0.29023132347991026,
          0.8414686730575224,
          0.30508917570114136
        ],
        [
          -0.0371648305250144,
          0.9383200795474551,
          0.3437647505054943,
          -0.8044964075088501
        ],
        [
          -0.8893382507449765,
          -0.18793937104597724,
          0.4168408192256465,
          0.23971189558506012
        ],
        [
          0.0,
          0.0,
          0.0,
          1.0
        ]
      ]
    },
    {
      "file_path": "./rgbd/8",
      "transform_matrix": [
        [
          0.43663472155367794,
          -0.2944660097346212,
          0.8500822836906508,
          0.31135883927345276
        ],
        [
          -0.023321594690332195,
          0.9408925673608795,
          0.3379012872218049,
          -0.8105942010879517
        ],
        [
          -0.8993365461020929,
          -0.16736470893238747,
          0.40395894723243253,
          0.23650728166103363
        ],
        [
          0.0,
          0.0,
          0.0,
          1.0
        ]
      ]
    },
    {
      "file_path": "./rgbd/9",
      "transform_matrix": [
        [
          0.4098776167302808,
          -0.30063297043302434,
          0.8611737086047865,
          0.31421324610710144
        ],
        [
          -0.020757918030885295,
          0.9408050955293538,
          0.33831181041315556,
          -0.8125166893005371
        ],
        [
          -0.911904297688375,
          -0.15654261181742243,
          0.37937443580564534,
          0.23392550647258759
        ],
        [
          0.0,
          0.0,
          0.0,
          1.0
        ]
      ]
    },
    {
      "file_path": "./rgbd/10",
      "transform_matrix": [
        [
          0.38918061964229483,
          -0.28280625689826466,
          0.8766750061191615,
          0.3201906681060791
        ],
        [
          -0.0293587242357397,
          0.9474145554693402,
          0.3186592622160577,
          -0.8271589279174805
        ],
        [
          -0.9206934943867524,
          -0.14975406887301976,
          0.36041255284726925,
          0.23167553544044495
        ],
        [
          0.0,
          0.0,
          0.0,
          1.0
        ]
      ]
    },
    {
      "file_path": "./rgbd/11",
      "transform_matrix": [
        [
          0.38601695211046594,
          -0.2798528991009392,
          0.8790183545001471,
          0.3290378451347351
        ],
        [
          -0.04843862296935006,
          0.9454105222458172,
          0.3222617635272985,
          -0.8417275547981262
        ],
        [
          -0.9212190903841386,
          -0.16697694239532254,
          0.3513887992240642,
          0.23040658235549927
        ],
        [
          0.0,
          0.0,
          0.0,
          1.0
        ]
      ]
    },
    {
      "file_path": "./rgbd/12",
      "transform_matrix": [
        [
          0.37532841451142096,
          -0.2859599416941586,
          0.8816776582213119,
          0.33545172214508057
        ],
        [
          -0.04736850343938997,
          0.9440589258924055,
          0.3263571193107182,
          -0.8409452438354492
        ],
        [
          -0.9256807258133095,
          -0.16425485134129603,
          0.34078664537888415,
          0.2244311273097992
        ],
        [
          0.0,
          0.0,
          0.0,
          1.0
        ]
      ]
    },
    {
      "file_path": "./rgbd/13",
      "transform_matrix": [
        [
          0.32680061792815196,
          -0.3075667350291228,
          0.8936464958949393,
          0.3370150625705719
        ],
        [
          -0.026015389025287522,
          0.9422784575996781,
          0.3338180760196111,
          -0.8227027654647827
        ],
        [
          -0.9447351775262957,
          -0.13234051476058756,
          0.2999357139409406,
          0.21251916885375977
        ],
        [
          0.0,
          0.0,
          0.0,
          1.0
        ]
      ]
    },
    {
      "file_path": "./rgbd/14",
      "transform_matrix": [
        [
          0.26568854052065993,
          -0.34866324910717,
          0.89880116719886,
          0.33943116664886475
        ],
        [
          -0.026334404483293498,
          0.9293366819282491,
          0.3682931315719889,
          -0.8001571893692017
        ],
        [
          -0.9636991743155703,
          -0.12152065809821623,
          0.23773226764338184,
          0.19799178838729858
        ],
        [
          0.0,
          0.0,
          0.0,
          1.0
        ]
      ]
    },
    {
      "file_path": "./rgbd/15",
      "transform_matrix": [
        [
          0.2108553167944378,
          -0.39904565920202806,
          0.8923578863054532,
          0.34391599893569946
        ],
        [
          -0.020731313317589813,
          0.9108511175311579,
          0.4122140879935675,
          -0.7740691900253296
        ],
        [
          -0.9772974204548199,
          -0.1054172830434345,
          0.18378506035065867,
          0.18571335077285767
        ],
        [
          0.0,
          0.0,
          0.0,
          1.0
        ]
      ]
    },
    {
      "file_path": "./rgbd/16",
      "transform_matrix": [
        [
          0.15209500321243788,
          -0.4460130828866715,
          0.8820087527296627,
          0.34369927644729614
        ],
        [
          -0.008982035241189408,
          0.8917303488808934,
          0.45247796402442175,
          -0.7547104358673096
        ],
        [
          -0.9883250644604408,
          -0.07674187109190707,
          0.1316216250491482,
          0.17363551259040833
        ],
        [
          0.0,
          0.0,
          0.0,
          1.0
        ]
      ]
    },
    {
      "file_path": "./rgbd/17",
      "transform_matrix": [
        [
          0.08598697588665216,
          -0.4661318551395224,
          0.8805267364493006,
          0.3414042294025421
        ],
        [
          -0.007391463258505429,
          0.8834773123943068,
          0.46841563248404805,
          -0.7475367188453674
        ],
        [
          -0.9962688423557001,
          -0.04678602471593347,
          0.07252214587637082,
          0.1584368348121643
        ],
        [
          0.0,
          0.0,
          0.0,
          1.0
        ]
      ]
    },
    {
      "file_path": "./rgbd/18",
      "transform_matrix": [
        [
          0.01633864985674696,
          -0.4678015565430493,
          0.8836824951399448,
          0.3339630961418152
        ],
        [
          0.005687595806603799,
          0.8838296533846983,
          0.4677742992638913,
          -0.7369499802589417
        ],
        [
          -0.9998503386881454,
          -0.0026167716339307655,
          0.01710124941097958,
          0.1420654058456421
        ],
        [
          0.0,
          0.0,
          0.0,
          1.0
        ]
      ]
    },
    {
      "file_path": "./rgbd/19",
      "transform_matrix": [
        [
          -0.022070200759963663,
          -0.4620191278429195,
          0.886595303250408,
          0.3331378698348999
        ],
        [
          0.017460396108761767,
          0.886497926546997,
          0.4624030285320376,
          -0.721839427947998
        ],
        [
          -0.9996039419720893,
          0.025685632854637163,
          -0.011498150230221703,
          0.12623289227485657
        ],
        [
          0.0,
          0.0,
          0.0,
          1.0
        ]
      ]
    },
    {
      "file_path": "./rgbd/20",
      "transform_matrix": [
        [
          -0.046020398281078484,
          -0.47188971178960015,
          0.8804556904519267,
          0.33829352259635925
        ],
        [
          0.036418413847594526,
          0.8800110324174979,
          0.47355494080023586,
          -0.7107439637184143
        ],
        [
          -0.9982764256832254,
          0.053857986692947266,
          -0.023312983389220575,
          0.11078492552042007
        ],
        [
          0.0,
          0.0,
          0.0,
          1.0
        ]
      ]
    },
    {
      "file_path": "./rgbd/21",
      "transform_matrix": [
        [
          -0.0624651550338175,
          -0.46885662657306254,
          0.8810627492551986,
          0.3432979881763458
        ],
        [
          0.053532882309560756,
          0.8799419323033169,
          0.47205553305298265,
          -0.7112708687782288
        ],
        [
          -0.9966104228424624,
          0.07665285051994253,
          -0.029866462611690174,
          0.0979151725769043
        ],
        [
          0.0,
          0.0,
          0.0,
          1.0
        ]
      ]
    },
    {
      "file_path": "./rgbd/22",
      "transform_matrix": [
        [
          -0.07708023346923186,
          -0.4581915614636497,
          0.8855050144475926,
          0.34380266070365906
        ],
        [
          0.04726438442146961,
          0.8854695937580689,
          0.46228743925741683,
          -0.7267782092094421
        ],
        [
          -0.9959039690520306,
          0.07748607315784506,
          -0.046596060917086415,
          0.08493027091026306
        ],
        [
          0.0,
          0.0,
          0.0,
          1.0
        ]
      ]
    },
    {
      "file_path": "./rgbd/23",
      "transform_matrix": [
        [
          -0.09665149341362061,
          -0.4046509380262766,
          0.9093492767772853,
          0.34319379925727844
        ],
        [
          0.0275421671640123,
          0.9121894214030063,
          0.4088421315231085,
          -0.7431954741477966
        ],
        [
          -0.9949371426622021,
          0.06456065237359002,
          -0.07701950607651302,
          0.07289779186248779
        ],
        [
          0.0,
          0.0,
          0.0,
          1.0
        ]
      ]
    },
    {
      "file_path": "./rgbd/24",
      "transform_matrix": [
        [
          -0.1480854905415797,
          -0.38532761820602,
          0.910820132703892,
          0.342132568359375
        ],
        [
          0.011126847155151469,
          0.9202668352886008,
          0.3911331552557125,
          -0.76495760679245
        ],
        [
          -0.9889119681566432,
          0.06805570156554906,
          -0.1319906842204226,
          0.06080127879977226
        ],
        [
          0.0,
          0.0,
          0.0,
          1.0
        ]
      ]
    },
    {
      "file_path": "./rgbd/25",
      "transform_matrix": [
        [
          -0.1798937713323915,
          -0.3679000593467114,
          0.912298074846426,
          0.3385176360607147
        ],
        [
          -0.010562448721654454,
          0.9280970638628852,
          0.372188493543384,
          -0.7854714393615723
        ],
        [
          -0.983629333495505,
          0.05731829011561137,
          -0.1708448064923572,
          0.048752687871456146
        ],
        [
          0.0,
          0.0,
          0.0,
          1.0
        ]
      ]
    },
    {
      "file_path": "./rgbd/26",
      "transform_matrix": [
        [
          -0.2028487172251192,
          -0.3734043792367942,
          0.9052190715439593,
          0.3334537148475647
        ],
        [
          -0.020611342749439765,
          0.9258614382437479,
          0.3773006357313532,
          -0.801234245300293
        ],
        [
          -0.9789931411762743,
          0.05787716941940477,
          -0.19550617072053966,
          0.0350508838891983
        ],
        [
          0.0,
          0.0,
          0.0,
          1.0
        ]
      ]
    },
    {
      "file_path": "./rgbd/27",
      "transform_matrix": [
        [
          -0.2469316955516959,
          -0.3888940089307453,
          0.8875732012345448,
          0.32963407039642334
        ],
        [
          -0.017856425211597884,
          0.9176077139332501,
          0.39708592446579727,
          -0.8035531640052795
        ],
        [
          -0.9688683531887224,
          0.08220421612038879,
          -0.23353068543856342,
          0.020909400656819344
        ],
        [
          0.0,
          0.0,
          0.0,
          1.0
        ]
      ]
    },
    {
      "file_path": "./rgbd/28",
      "transform_matrix": [
        [
          -0.285171903852517,
          -0.3973270965667014,
          0.8722431791576278,
          0.32335859537124634
        ],
        [
          -0.02267572493436902,
          0.9125729890763558,
          0.40828464471119413,
          -0.7916916012763977
        ],
        [
          -0.9582081176612058,
          0.09665256303958182,
          -0.26924985665000467,
          0.008598566055297852
        ],
        [
          0.0,
          0.0,
          0.0,
          1.0
        ]
      ]
    },
    {
      "file_path": "./rgbd/29",
      "transform_matrix": [
        [
          -0.32791733042982524,
          -0.40612077999443214,
          0.8529572887668474,
          0.3141848146915436
        ],
        [
          -0.027009271899070254,
          0.9065420302225843,
          0.4212505746837592,
          -0.777786135673523
        ],
        [
          -0.9443202442155199,
          0.11509760856173044,
          -0.3082398690437559,
          -0.0005326271057128906
        ],
        [
          0.0,
          0.0,
          0.0,
          1.0
        ]
      ]
    },
    {
      "file_path": "./rgbd/30",
      "transform_matrix": [
        [
          -0.39388848269718246,
          -0.4185186785027895,
          0.8183483237245556,
          0.3021268844604492
        ],
        [
          -0.02733754411483288,
          0.8952639615937585,
          0.444696635644142,
          -0.7632396221160889
        ],
        [
          -0.91875161054568,
          0.15278924967329333,
          -0.3640754362820857,
          -0.00993617344647646
        ],
        [
          0.0,
          0.0,
          0.0,
          1.0
        ]
      ]
    },
    {
      "file_path": "./rgbd/31",
      "transform_matrix": [
        [
          -0.4542105594975289,
          -0.43359278905789117,
          0.778260920847206,
          0.28431734442710876
        ],
        [
          -0.018128929196963333,
          0.8778901402113286,
          0.478518801768442,
          -0.749710202217102
        ],
        [
          -0.8907098907989701,
          0.20323925555052866,
          -0.40660754473589594,
          -0.02369438111782074
        ],
        [
          0.0,
          0.0,
          0.0,
          1.0
        ]
      ]
    },
    {
      "file_path": "./rgbd/32",
      "transform_matrix": [
        [
          -0.5173519813383761,
          -0.42656746452646305,
          0.7418808028333939,
          0.2711551785469055
        ],
        [
          -0.0005507743876719969,
          0.867079161777418,
          0.49817007523429574,
          -0.7436484694480896
        ],
        [
          -0.855772530555188,
          0.2573206665210446,
          -0.448820064756841,
          -0.039683833718299866
        ],
        [
          0.0,
          0.0,
          0.0,
          1.0
        ]
      ]
    },
    {
      "file_path": "./rgbd/33",
      "transform_matrix": [
        [
          -0.5659061730463993,
          -0.3966287105761796,
          0.722797253214659,
          0.26098722219467163
        ],
        [
          0.006175855888838305,
          0.874617582642379,
          0.48477411537420356,
          -0.7398845553398132
        ],
        [
          -0.8244465186487351,
          0.27880055609607113,
          -0.49250196731434737,
          -0.050613898783922195
        ],
        [
          0.0,
          0.0,
          0.0,
          1.0
        ]
      ]
    },
    {
      "file_path": "./rgbd/34",
      "transform_matrix": [
        [
          -0.5968850146380218,
          -0.3834481629436357,
          0.704766475959037,
          0.2489696592092514
        ],
        [
          0.007695033787639456,
          0.8756269361910491,
          0.48292675953159164,
          -0.7341251373291016
        ],
        [
          -0.8022898888528859,
          0.2936749477770069,
          -0.5196979500561809,
          -0.06169866770505905
        ],
        [
          0.0,
          0.0,
          0.0,
          1.0
        ]
      ]
    },
    {
      "file_path": "./rgbd/35",
      "transform_matrix": [
        [
          -0.6406670807824965,
          -0.3750674267497634,
          0.6699776988773171,
          0.23681296408176422
        ],
        [
          0.0068562996998144795,
          0.8697433281988692,
          0.49345671969077515,
          -0.7296662330627441
        ],
        [
          -0.767788175707376,
          0.3207350439924906,
          -0.5546443444217878,
          -0.06996976584196091
        ],
        [
          0.0,
          0.0,
          0.0,
          1.0
        ]
      ]
    },
    {
      "file_path": "./rgbd/36",
      "transform_matrix": [
        [
          -0.6841048039663128,
          -0.3531795131449444,
          0.6381730554363081,
          0.2238035351037979
        ],
        [
          0.02239305537870764,
          0.8643658971619398,
          0.5023645557702509,
          -0.7267518639564514
        ],
        [
          -0.7290398948349941,
          0.3579606505164155,
          -0.583408094236655,
          -0.07983379811048508
        ],
        [
          0.0,
          0.0,
          0.0,
          1.0
        ]
      ]
    },
    {
      "file_path": "./rgbd/37",
      "transform_matrix": [
        [
          -0.7063452940342221,
          -0.3394921374922646,
          0.6211452440264208,
          0.20937184989452362
        ],
        [
          0.030776316378452306,
          0.8619297912709952,
          0.5060927318878551,
          -0.7221922278404236
        ],
        [
          -0.7071980938505716,
          0.3765927820610377,
          -0.5983717344207076,
          -0.09604880958795547
        ],
        [
          0.0,
          0.0,
          0.0,
          1.0
        ]
      ]
    },
    {
      "file_path": "./rgbd/38",
      "transform_matrix": [
        [
          -0.7366579870490956,
          -0.32739902532765225,
          0.5917304186293603,
          0.1926700621843338
        ],
        [
          0.026557331605517334,
          0.8603169266587286,
          0.5090672783065854,
          -0.7195444107055664
        ],
        [
          -0.6757438259094708,
          0.39072325745850234,
          -0.6250644909337338,
          -0.10981488227844238
        ],
        [
          0.0,
          0.0,
          0.0,
          1.0
        ]
      ]
    },
    {
      "file_path": "./rgbd/39",
      "transform_matrix": [
        [
          -0.7625356728529281,
          -0.3277021118913071,
          0.5578088144594966,
          0.17635159194469452
        ],
        [
          0.008637500559860107,
          0.8569844999722867,
          0.51526979378897,
          -0.7173582911491394
        ],
        [
          -0.6468885075581498,
          0.3977296728548506,
          -0.6506507251359694,
          -0.11957275122404099
        ],
        [
          0.0,
          0.0,
          0.0,
          1.0
        ]
      ]
    },
    {
      "file_path": "./rgbd/40",
      "transform_matrix": [
        [
          -0.7858465296767774,
          -0.32218778326880587,
          0.5278638689163135,
          0.15781299769878387
        ],
        [
          0.0017584322137732687,
          0.8523988151448153,
          0.5228892500863495,
          -0.7125224471092224
        ],
        [
          -0.6184190648024329,
          0.41183891541723966,
          -0.6692881054051658,
          -0.13756603002548218
        ],
        [
          0.0,
          0.0,
          0.0,
          1.0
        ]
      ]
    },
    {
      "file_path": "./rgbd/41",
      "transform_matrix": [
        [
          -0.8199319361598015,
          -0.30316206754701863,
          0.4855969325128161,
          0.139655202627182
        ],
        [
          -0.0007606324609532694,
          0.8488382018868427,
          0.528652180980814,
          -0.7092030048370361
        ],
        [
          -0.5724605152353295,
          0.433089445516892,
          -0.6962201452689892,
          -0.1531921625137329
        ],
        [
          0.0,
          0.0,
          0.0,
          1.0
        ]
      ]
    },
    {
      "file_path": "./rgbd/42",
      "transform_matrix": [
        [
          -0.8565836419502539,
          -0.27782130406411826,
          0.43483305687510926,
          0.12817732989788055
        ],
        [
          -0.012976209542668163,
          0.854017483373702,
          0.520082451230527,
          -0.7074810862541199
        ],
        [
          -0.5158450177419028,
          0.4398516353273697,
          -0.7351424736543895,
          -0.16306588053703308
        ],
        [
          0.0,
          0.0,
          0.0,
          1.0
        ]
      ]
    },
    {
      "file_path": "./rgbd/43",
      "transform_matrix": [
        [
          -0.8974031216968988,
          -0.2378343668609204,
          0.37162138139311396,
          0.11710505932569504
        ],
        [
          -0.015115167624802476,
          0.8583526554819739,
          0.5128374504018967,
          -0.7036991119384766
        ],
        [
          -0.44095256987156256,
          0.45460480944102294,
          -0.7738832588683878,
          -0.172512024641037
        ],
        [
          0.0,
          0.0,
          0.0,
          1.0
        ]
      ]
    },
    {
      "file_path": "./rgbd/44",
      "transform_matrix": [
        [
          -0.9347926550195101,
          -0.202998694571111,
          0.29146907575933306,
          0.10826902836561203
        ],
        [
          -0.030734519822069952,
          0.8637416213689298,
          0.5029968198769044,
          -0.6938621997833252
        ],
        [
          -0.35386166988370166,
          0.4612395706326562,
          -0.8136583908924685,
          -0.17826950550079346
        ],
        [
          0.0,
          0.0,
          0.0,
          1.0
        ]
      ]
    },
    {
      "file_path": "./rgbd/45",
      "transform_matrix": [
        [
          -0.9587663011508598,
          -0.17398563038225512,
          0.22471355143379274,
          0.09521254152059555
        ],
        [
          -0.03411433796687806,
          0.855440435360501,
          0.5167764250576043,
          -0.6893710494041443
        ],
        [
          -0.28214073035026355,
          0.48780186753509414,
          -0.8261028666617095,
          -0.18666785955429077
        ],
        [
          0.0,
          0.0,
          0.0,
          1.0
        ]
      ]
    },
    {
      "file_path": "./rgbd/46",
      "transform_matrix": [
        [
          -0.9681756716798574,
          -0.1627052304166234,
          0.19016539317744108,
          0.07968490570783615
        ],
        [
          -0.039312361488996195,
          0.8492729227606105,
          0.526488405285253,
          -0.6903359293937683
        ],
        [
          -0.24716473656534374,
          0.5022574147394181,
          -0.8286417092675583,
          -0.19711315631866455
        ],
        [
          0.0,
          0.0,
          0.0,
          1.0
        ]
      ]
    },
    {
      "file_path": "./rgbd/47",
      "transform_matrix": [
        [
          -0.9812952336894363,
          -0.13806174273850366,
          0.1341589338449092,
          0.05968658626079559
        ],
        [
          -0.04302914462824376,
          0.8365678321181187,
          0.5461709942662224,
          -0.6908929944038391
        ],
        [
          -0.18763836774752965,
          0.5301822492852805,
          -0.8268607050113363,
          -0.2060520052909851
        ],
        [
          0.0,
          0.0,
          0.0,
          1.0
        ]
      ]
    },
    {
      "file_path": "./rgbd/48",
      "transform_matrix": [
        [
          -0.9888993194248499,
          -0.12112117561575929,
          0.086068559059191,
          0.03965748846530914
        ],
        [
          -0.054771514519609245,
          0.8355993070380777,
          0.5466021215424552,
          -0.6928380727767944
        ],
        [
          -0.13812391986291617,
          0.5358203606573206,
          -0.8329575762707015,
          -0.21008038520812988
        ],
        [
          0.0,
          0.0,
          0.0,
          1.0
        ]
      ]
    },
    {
      "file_path": "./rgbd/49",
      "transform_matrix": [
        [
          -0.9930052409165219,
          -0.10859783258572815,
          0.04633683491567737,
          0.01669912226498127
        ],
        [
          -0.06561347419046241,
          0.8338299101215007,
          0.5481081581142795,
          -0.6923797726631165
        ],
        [
          -0.09816039688682039,
          0.5412339528747734,
          -0.8351229518691062,
          -0.21591264009475708
        ],
        [
          0.0,
          0.0,
          0.0,
          1.0
        ]
      ]
    },
    {
      "file_path": "./rgbd/50",
      "transform_matrix": [
        [
          -0.9951314152676197,
          -0.09850653153415104,
          0.003151125604523989,
          -0.0008857585489749908
        ],
        [
          -0.08069430163267977,
          0.8327123287158488,
          0.5477943111138,
          -0.6899232864379883
        ],
        [
          -0.05658529872217938,
          0.5448730502142125,
          -0.8366071139542037,
          -0.21933531761169434
        ],
        [
          0.0,
          0.0,
          0.0,
          1.0
        ]
      ]
    },
    {
      "file_path": "./rgbd/51",
      "transform_matrix": [
        [
          -0.9949016085905578,
          -0.09332931159926182,
          -0.0382155573075697,
          -0.011456279084086418
        ],
        [
          -0.09910378196723123,
          0.8345439788897422,
          0.5419545992965359,
          -0.6817875504493713
        ],
        [
          -0.0186876864194513,
          0.5429788088823403,
          -0.839538434784854,
          -0.22247835993766785
        ],
        [
          0.0,
          0.0,
          0.0,
          1.0
        ]
      ]
    },
    {
      "file_path": "./rgbd/52",
      "transform_matrix": [
        [
          -0.993693673022406,
          -0.07121355361792447,
          -0.08661128088388374,
          -0.023047175258398056
        ],
        [
          -0.1074268821997492,
          0.8259713441131894,
          0.5533812462350823,
          -0.6755782961845398
        ],
        [
          0.032130191037110546,
          0.5591958230217376,
          -0.828412748778627,
          -0.2279188632965088
        ],
        [
          0.0,
          0.0,
          0.0,
          1.0
        ]
      ]
    },
    {
      "file_path": "./rgbd/53",
      "transform_matrix": [
        [
          -0.9902779590685756,
          -0.02872210969260881,
          -0.13610512186461665,
          -0.03350701555609703
        ],
        [
          -0.1004036471020628,
          0.8247805764488432,
          0.5564675267806006,
          -0.6759964227676392
        ],
        [
          0.09627393952457143,
          0.5647229773327093,
          -0.8196458304907672,
          -0.2297346591949463
        ],
        [
          0.0,
          0.0,
          0.0,
          1.0
        ]
      ]
    },
    {
      "file_path": "./rgbd/54",
      "transform_matrix": [
        [
          -0.9792271103923956,
          0.0163095750198544,
          -0.20210953474596655,
          -0.04742874577641487
        ],
        [
          -0.0975935093759796,
          0.8358003543199691,
          0.540289991251268,
          -0.675844132900238
        ],
        [
          0.17773512089691193,
          0.548791185681117,
          -0.816846657163065,
          -0.22891011834144592
        ],
        [
          0.0,
          0.0,
          0.0,
          1.0
        ]
      ]
    },
    {
      "file_path": "./rgbd/55",
      "transform_matrix": [
        [
          -0.9643969763118978,
          0.06585237838209088,
          -0.2561287495418867,
          -0.06331723928451538
        ],
        [
          -0.0830096950537637,
          0.8441770892709008,
          0.5295983690280688,
          -0.669843852519989
        ],
        [
          0.2510933344546401,
          0.5320042351443559,
          -0.8086554465165734,
          -0.22265949845314026
        ],
        [
          0.0,
          0.0,
          0.0,
          1.0
        ]
      ]
    },
    {
      "file_path": "./rgbd/56",
      "transform_matrix": [
        [
          -0.9451913810588524,
          0.10788941556622546,
          -0.3081771035960287,
          -0.08030129969120026
        ],
        [
          -0.07792950260370049,
          0.8420163106494032,
          0.5337935230258112,
          -0.6621559858322144
        ],
        [
          0.31708081902883833,
          0.5285531256261246,
          -0.7874587910455093,
          -0.21721062064170837
        ],
        [
          0.0,
          0.0,
          0.0,
          1.0
        ]
      ]
    },
    {
      "file_path": "./rgbd/57",
      "transform_matrix": [
        [
          -0.9210869236773346,
          0.14277201992617508,
          -0.3622361513665138,
          -0.09644097089767456
        ],
        [
          -0.08286077770517145,
          0.8371546442713398,
          0.5406534870811626,
          -0.6568369269371033
        ],
        [
          0.38043786687016085,
          0.5280040264061692,
          -0.7592619953284604,
          -0.2082539200782776
        ],
        [
          0.0,
          0.0,
          0.0,
          1.0
        ]
      ]
    },
    {
      "file_path": "./rgbd/58",
      "transform_matrix": [
        [
          -0.8951909638098865,
          0.16772664913396412,
          -0.4129175577320717,
          -0.11328191310167313
        ],
        [
          -0.09264995728419981,
          0.8362084469737886,
          0.540528832371522,
          -0.6568340063095093
        ],
        [
          0.4359462394933149,
          0.522133320503468,
          -0.7330263787147502,
          -0.19697275757789612
        ],
        [
          0.0,
          0.0,
          0.0,
          1.0
        ]
      ]
    },
    {
      "file_path": "./rgbd/59",
      "transform_matrix": [
        [
          -0.8729420189988483,
          0.19606676065578768,
          -0.44668787405990834,
          -0.13273723423480988
        ],
        [
          -0.09696913212019342,
          0.8276590661838142,
          0.5527906091637168,
          -0.6612339615821838
        ],
        [
          0.4780891327797265,
          0.5258690859231817,
          -0.7034859526587908,
          -0.18181726336479187
        ],
        [
          0.0,
          0.0,
          0.0,
          1.0
        ]
      ]
    },
    {
      "file_path": "./rgbd/60",
      "transform_matrix": [
        [
          -0.8479761580601812,
          0.23879123021424042,
          -0.47319677062958126,
          -0.1557500660419464
        ],
        [
          -0.08967892115100906,
          0.815257430396459,
          0.5721127627352446,
          -0.6692839860916138
        ],
        [
          0.5223926937301918,
          0.527573758403631,
          -0.6699043237516695,
          -0.16377165913581848
        ],
        [
          0.0,
          0.0,
          0.0,
          1.0
        ]
      ]
    },
    {
      "file_path": "./rgbd/61",
      "transform_matrix": [
        [
          -0.8166958834778534,
          0.27310346574718475,
          -0.5083525655558401,
          -0.17339901626110077
        ],
        [
          -0.08816777402909605,
          0.811526937279032,
          0.5776248555016206,
          -0.6842609643936157
        ],
        [
          0.5702931505226787,
          0.516564155809702,
          -0.638691784352615,
          -0.14884315431118011
        ],
        [
          0.0,
          0.0,
          0.0,
          1.0
        ]
      ]
    },
    {
      "file_path": "./rgbd/62",
      "transform_matrix": [
        [
          -0.7875220432624858,
          0.2590849189345306,
          -0.5591815770895597,
          -0.18282990157604218
        ],
        [
          -0.07779236551023007,
          0.8582923827449918,
          0.5072302569743323,
          -0.7031596899032593
        ],
        [
          0.6113569981966366,
          0.4429550660085198,
          -0.6557693422640201,
          -0.14378368854522705
        ],
        [
          0.0,
          0.0,
          0.0,
          1.0
        ]
      ]
    },
    {
      "file_path": "./rgbd/63",
      "transform_matrix": [
        [
          -0.7542027438279256,
          0.2778055293524512,
          -0.594980931680699,
          -0.19048970937728882
        ],
        [
          -0.0633785145775028,
          0.8710690221293158,
          0.4870543322634822,
          -0.7299124002456665
        ],
        [
          0.6535758449425572,
          0.4050467214382579,
          -0.6393557447616629,
          -0.14153370261192322
        ],
        [
          0.0,
          0.0,
          0.0,
          1.0
        ]
      ]
    },
    {
      "file_path": "./rgbd/64",
      "transform_matrix": [
        [
          -0.7216954112323432,
          0.25445326529566903,
          -0.6437462770273323,
          -0.20377294719219208
        ],
        [
          -0.07350895616767984,
          0.8965547194143685,
          0.4367906460296063,
          -0.7559560537338257
        ],
        [
          0.6882965689071224,
          0.36255092176988685,
          -0.6283348329947085,
          -0.14307208359241486
        ],
        [
          0.0,
          0.0,
          0.0,
          1.0
        ]
      ]
    },
    {
      "file_path": "./rgbd/65",
      "transform_matrix": [
        [
          -0.6924237202720234,
          0.2497730552260724,
          -0.6768772506796813,
          -0.22096049785614014
        ],
        [
          -0.07553985970698024,
          0.9079105639397957,
          0.41230102774789645,
          -0.7724477648735046
        ],
        [
          0.7175256937560497,
          0.3366182240603668,
          -0.6097909888071028,
          -0.145308718085289
        ],
        [
          0.0,
          0.0,
          0.0,
          1.0
        ]
      ]
    },
    {
      "file_path": "./rgbd/66",
      "transform_matrix": [
        [
          -0.6640255821566986,
          0.25787937342621303,
          -0.7018320703720807,
          -0.24409639835357666
        ],
        [
          -0.07363033064166599,
          0.9115277079042976,
          0.4045933911130242,
          -0.7747785449028015
        ],
        [
          0.7440756686326038,
          0.32033648946700005,
          -0.5862899733620744,
          -0.14390018582344055
        ],
        [
          0.0,
          0.0,
          0.0,
          1.0
        ]
      ]
    },
    {
      "file_path": "./rgbd/67",
      "transform_matrix": [
        [
          -0.648770498913351,
          0.2720604226339606,
          -0.7106897819554975,
