{
  "fl_x": 763.6063842773438,
  "fl_y": 763.6063842773438,
  "cx": 358.78656005859375,
  "cy": 465.5775451660156,
  "w": 720,
  "h": 960,
  "aabb_scale": 16,
  "scale": 1.0,
  "camera_angle_x": 0.8810909669147827,
  "camera_angle_y": 1.1223622020345076,
  "frames": [
    {
      "file_path": "./rgbd/0.jpg",
      "transform_matrix": [
        [
          0.9488796644082725,
          -0.11728998557342973,
          0.29303658774396846,
          -0.2422533482313156
        ],
        [
          0.004905082242923899,
          0.9337617235865425,
          0.35786168240380184,
          0.07653059810400009
        ],
        [
          -0.3155999408121523,
          -0.3381303045408294,
          0.8866028279395977,
          -0.24937979876995087
        ],
        [
          0.0,
          0.0,
          0.0,
          1.0
        ]
      ]
    },
    {
      "file_path": "./rgbd/1.jpg",
      "transform_matrix": [
        [
          0.9490127190223171,
          -0.11705977362269422,
          0.2926975717925791,
          -0.24224093556404114
        ],
        [
          0.005276724631338332,
          0.9342665185492824,
          0.3565364336150911,
          0.07662906497716904
        ],
        [
          -0.31519361559370684,
          -0.3368131258089666,
          0.8872485012507824,
          -0.2491902858018875
        ],
        [
          0.0,
          0.0,
          0.0,
          1.0
        ]
      ]
    },
    {
      "file_path": "./rgbd/2.jpg",
      "transform_matrix": [
        [
          0.9490863826368838,
          -0.11657231402618051,
          0.2926532656503531,
          -0.2421833872795105
        ],
        [
          0.005273114686980219,
          0.9347598291348916,
          0.3552411238823656,
          0.07671201229095459
        ],
        [
          -0.3149717964433205,
          -0.33561131899608193,
          0.8877825240490926,
          -0.24901960790157318
        ],
        [
          0.0,
          0.0,
          0.0,
          1.0
        ]
      ]
    },
    {
      "file_path": "./rgbd/3.jpg",
      "transform_matrix": [
        [
          0.9491130466754888,
          -0.11597517224189088,
          0.29280400279681174,
          -0.24210669100284576
        ],
        [
          0.004942277062902278,
          0.9350970138011341,
          0.3543573742391084,
          0.07677071541547775
        ],
        [
          -0.3148968061568823,
          -0.3348780885690579,
          0.888085957139583,
          -0.24889780580997467
        ],
        [
          0.0,
          0.0,
          0.0,
          1.0
        ]
      ]
    },
    {
      "file_path": "./rgbd/4.jpg",
      "transform_matrix": [
        [
          0.9491645470864581,
          -0.11544013167796804,
          0.29284849078035613,
          -0.24204081296920776
        ],
        [
          0.004587825585450705,
          0.9353009736236033,
          0.3538234596449727,
          0.07680162787437439
        ],
        [
          -0.31474690532323973,
          -0.3344931460238214,
          0.8882841442086706,
          -0.24880938231945038
        ],
        [
          0.0,
          0.0,
          0.0,
          1.0
        ]
      ]
    },
    {
      "file_path": "./rgbd/5.jpg",
      "transform_matrix": [
        [
          0.9492916580547156,
          -0.11525589273682511,
          0.2925088496732472,
          -0.24202324450016022
        ],
        [
          0.004615587898532647,
          0.9353898355510412,
          0.35358811051299077,
          0.07682092487812042
        ],
        [
          -0.3143629181313849,
          -0.3343081433905455,
          0.8884897416215263,
          -0.2487322837114334
        ],
        [
          0.0,
          0.0,
          0.0,
          1.0
        ]
      ]
    },
    {
      "file_path": "./rgbd/6.jpg",
      "transform_matrix": [
        [
          0.9494585885996547,
          -0.1154503081161406,
          0.29188973070363333,
          -0.2420554757118225
        ],
        [
          0.005066354553452113,
          0.9354193332592329,
          0.35350389391970055,
          0.07684797793626785
        ],
        [
          -0.31385143075329464,
          -0.3341584913192247,
          0.8887268320993631,
          -0.24865539371967316
        ],
        [
          0.0,
          0.0,
          0.0,
          1.0
        ]
      ]
    },
    {
      "file_path": "./rgbd/7.jpg",
      "transform_matrix": [
        [
          0.9496354778405901,
          -0.11567265872699815,
          0.2912255058361161,
          -0.24209576845169067
        ],
        [
          0.005543464154253826,
          0.9354295935013964,
          0.35346958229384134,
          0.07687152922153473
        ],
        [
          -0.31330772290456677,
          -0.33405285753131886,
          0.888958356248208,
          -0.24858011305332184
        ],
        [
          0.0,
          0.0,
          0.0,
          1.0
        ]
      ]
    },
    {
      "file_path": "./rgbd/8.jpg",
      "transform_matrix": [
        [
          0.9497874464232492,
          -0.1157744637071145,
          0.2906889749717617,
          -0.24212628602981567
        ],
        [
          0.00580829296945546,
          0.935391465227832,
          0.3535662180012544,
          0.07687391340732574
        ],
        [
          -0.31284192549846074,
          -0.33412434860731055,
          0.8890955231684365,
          -0.2485215812921524
        ],
        [
          0.0,
          0.0,
          0.0,
          1.0
        ]
      ]
    },
    {
      "file_path": "./rgbd/9.jpg",
      "transform_matrix": [
        [
          0.9499449979836517,
          -0.11590922514057164,
          0.29011989303243624,
          -0.2421640306711197
        ],
        [
          0.006064952116483467,
          0.9352965930888973,
          0.35381280264021886,
          0.07686887681484222
        ],
        [
          -0.31235831533939473,
          -0.33434313883137184,
          0.8891833041362851,
          -0.2484676092863083
        ],
        [
          0.0,
          0.0,
          0.0,
          1.0
        ]
      ]
    },
    {
      "file_path": "./rgbd/10.jpg",
      "transform_matrix": [
        [
          0.9500970191703256,
          -0.11607355242994034,
          0.2895558401931414,
          -0.24220366775989532
        ],
        [
          0.006408762563531969,
          0.9352654575574989,
          0.35388903862957755,
          0.07688329368829727
        ],
        [
          -0.31188873324643585,
          -0.33437322609033193,
          0.8893368111957795,
          -0.2483891099691391
        ],
        [
          0.0,
          0.0,
          0.0,
          1.0
        ]
      ]
    },
    {
      "file_path": "./rgbd/11.jpg",
      "transform_matrix": [
        [
          0.9502806711374032,
          -0.1160469143010677,
          0.28896324981534743,
          -0.24221603572368622
        ],
        [
          0.0067019403719433684,
          0.9353715968150482,
          0.3536029692563647,
          0.07691706717014313
        ],
        [
          -0.3113225498705437,
          -0.33408545247117144,
          0.8896432882842625,
          -0.24827782809734344
        ],
        [
          0.0,
          0.0,
          0.0,
          1.0
        ]
      ]
    },
    {
      "file_path": "./rgbd/12.jpg",
      "transform_matrix": [
        [
          0.9504734293544278,
          -0.11581741354574669,
          0.2884208501665702,
          -0.2422037571668625
        ],
        [
          0.006825226863397231,
          0.9355315737702665,
          0.35317713793108324,
          0.07694458216428757
        ],
        [
          -0.3107308745031572,
          -0.3337169477244177,
          0.8899883833129517,
          -0.24815289676189423
        ],
        [
          0.0,
          0.0,
          0.0,
          1.0
        ]
      ]
    },
    {
      "file_path": "./rgbd/13.jpg",
      "transform_matrix": [
        [
          0.9506674915860361,
          -0.11564309506007256,
          0.2878506470488489,
          -0.2421949952840805
        ],
        [
          0.006958819737278536,
          0.9356331985632194,
          0.35290521755029824,
          0.07696233689785004
        ],
        [
          -0.31013367322717156,
          -0.3334924171720945,
          0.8902808053750995,
          -0.24803386628627777
        ],
        [
          0.0,
          0.0,
          0.0,
          1.0
        ]
      ]
    },
    {
      "file_path": "./rgbd/14.jpg",
      "transform_matrix": [
        [
          0.9509108410422481,
          -0.11555544665573207,
          0.2870810184190487,
          -0.2422061562538147
        ],
        [
          0.007245855023494188,
          0.935728273949956,
          0.3526472669901391,
          0.07698546350002289
        ],
        [
          -0.30938013829802075,
          -0.333255961805382,
          0.8906314579824064,
          -0.24791081249713898
        ],
        [
          0.0,
          0.0,
          0.0,
          1.0
        ]
      ]
    },
    {
      "file_path": "./rgbd/15.jpg",
      "transform_matrix": [
        [
          0.9511805064668967,
          -0.1155429223423509,
          0.2861913297323436,
          -0.2422419637441635
        ],
        [
          0.007659646630424829,
          0.9358322560449759,
          0.35236248148641963,
          0.07702299952507019
        ],
        [
          -0.30854006859867417,
          -0.33296819914574405,
          0.8910304172287079,
          -0.247771754860878
        ],
        [
          0.0,
          0.0,
          0.0,
          1.0
        ]
      ]
    },
    {
      "file_path": "./rgbd/16.jpg",
      "transform_matrix": [
        [
          0.9513392974061092,
          -0.11579413861623598,
          0.2855613045791996,
          -0.24229267239570618
        ],
        [
          0.008237940776484175,
          0.9359357933849691,
          0.35207432026862095,
          0.07706750184297562
        ],
        [
          -0.30803518880578173,
          -0.3325896993639043,
          0.8913464053522705,
          -0.2476360946893692
        ],
        [
          0.0,
          0.0,
          0.0,
          1.0
        ]
      ]
    },
    {
      "file_path": "./rgbd/17.jpg",
      "transform_matrix": [
        [
          0.9513940428145531,
          -0.11609279506836344,
          0.28525749460828353,
          -0.24232038855552673
        ],
        [
          0.008688172758515177,
          0.9359806434550462,
          0.3519442437824428,
          0.07710018754005432
        ],
        [
          -0.30785368432276095,
          -0.332359290543671,
          0.8914950426324362,
          -0.24753065407276154
        ],
        [
          0.0,
          0.0,
          0.0,
          1.0
        ]
      ]
    },
    {
      "file_path": "./rgbd/18.jpg",
      "transform_matrix": [
        [
          0.951423257673213,
          -0.11597236525534999,
          0.28520903782238516,
          -0.2423047572374344
        ],
        [
          0.00855252760138847,
          0.93594382889483,
          0.35204545647588287,
          0.07711341977119446
        ],
        [
          -0.30776718315980106,
          -0.3325049768811964,
          0.8914705835411041,
          -0.2474564164876938
        ],
        [
          0.0,
          0.0,
          0.0,
          1.0
        ]
      ]
    },
    {
      "file_path": "./rgbd/19.jpg",
      "transform_matrix": [
        [
          0.9514470463735252,
          -0.11566264550358432,
          0.28525544759427035,
          -0.24227061867713928
        ],
        [
          0.008195208470279344,
          0.9359082143769395,
          0.3521486231975037,
          0.07712490856647491
        ],
        [
          -0.30770335796871634,
          -0.3327130395654504,
          0.8914149857377849,
          -0.247386172413826
        ],
        [
          0.0,
          0.0,
          0.0,
          1.0
        ]
      ]
    },
    {
      "file_path": "./rgbd/20.jpg",
      "transform_matrix": [
        [
          0.9515159437132029,
          -0.11542108121975096,
          0.28512345198113115,
          -0.24223969876766205
        ],
        [
          0.00800197504440374,
          0.9359054279131291,
          0.35216047250952404,
          0.077141672372818
        ],
        [
          -0.30749532883437675,
          -0.33280475359106,
          0.8914525330785886,
          -0.24730412662029266
        ],
        [
          0.0,
          0.0,
          0.0,
          1.0
        ]
      ]
    },
    {
      "file_path": "./rgbd/21.jpg",
      "transform_matrix": [
        [
          0.9516582043771726,
          -0.11523329032533221,
          0.2847243418508739,
          -0.24222712218761444
        ],
        [
          0.00790119541543422,
          0.9358378379756151,
          0.3523423223572974,
          0.07715753465890884
        ],
        [
          -0.307057377622852,
          -0.33305979915613393,
          0.8915082372213131,
          -0.24721680581569672
        ],
        [
          0.0,
          0.0,
          0.0,
          1.0
        ]
      ]
    },
    {
      "file_path": "./rgbd/22.jpg",
      "transform_matrix": [
        [
          0.9517705493125127,
          -0.11545525111875807,
          0.28425852045358696,
          -0.2422749251127243
        ],
        [
          0.008164769311079718,
          0.935697833310285,
          0.3527079546601339,
          0.07719014585018158
        ],
        [
          -0.3067020671652779,
          -0.33337613850955605,
          0.8915123062913953,
          -0.2471291869878769
        ],
        [
          0.0,
          0.0,
          0.0,
          1.0
        ]
      ]
    },
    {
      "file_path": "./rgbd/23.jpg",
      "transform_matrix": [
        [
          0.9518077792687836,
          -0.1161134451214864,
          0.28386549488348667,
          -0.24238154292106628
        ],
        [
          0.008725332032686724,
          0.9354393591865682,
          0.35337950402583124,
          0.07723668962717056
        ],
        [
          -0.3065710682767482,
          -0.3338725402704491,
          0.8913715874701252,
          -0.24705012142658234
        ],
        [
          0.0,
          0.0,
          0.0,
          1.0
        ]
      ]
    },
    {
      "file_path": "./rgbd/24.jpg",
      "transform_matrix": [
        [
          0.9517877027817696,
          -0.11674486509585631,
          0.283673765630789,
          -0.24250565469264984
        ],
        [
          0.009089235633467557,
          0.9350760360592212,
          0.35433062608723687,
          0.07726879417896271
        ],
        [
          -0.3066228214419155,
          -0.3346691549299461,
          0.891054993874943,
          -0.2469896525144577
        ],
        [
          0.0,
          0.0,
          0.0,
          1.0
        ]
      ]
    },
    {
      "file_path": "./rgbd/25.jpg",
      "transform_matrix": [
        [
          0.9517322174652876,
          -0.11733221676238803,
          0.28361758963123285,
          -0.24263039231300354
        ],
        [
          0.009298389395335458,
          0.9346455745577503,
          0.3554591255183432,
          0.0772789865732193
        ],
        [
          -0.30678873218105507,
          -0.3356647149600871,
          0.8906233058580402,
          -0.24694521725177765
        ],
        [
          0.0,
          0.0,
          0.0,
          1.0
        ]
      ]
    },
    {
      "file_path": "./rgbd/26.jpg",
      "transform_matrix": [
        [
          0.9516850853442801,
          -0.1178267562024094,
          0.2835707210839449,
          -0.24274413287639618
        ],
        [
          0.009410752848132097,
          0.9342126499431154,
          0.35659243180007877,
          0.07726027071475983
        ],
        [
          -0.3069314843154443,
          -0.3366950849196947,
          0.8901850839723378,
          -0.2469119280576706
        ],
        [
          0.0,
          0.0,
          0.0,
          1.0
        ]
      ]
    },
    {
      "file_path": "./rgbd/27.jpg",
      "transform_matrix": [
        [
          0.9517147591814786,
          -0.11811243865126213,
          0.28335219955382773,
          -0.24283835291862488
        ],
        [
          0.009322950067692763,
          0.9337149846554958,
          0.3578958089050815,
          0.07720895856618881
        ],
        [
          -0.3068421414313485,
          -0.3379730451761488,
          0.8897314881334623,
          -0.2468971163034439
        ],
        [
          0.0,
          0.0,
          0.0,
          1.0
        ]
      ]
    },
    {
      "file_path": "./rgbd/28.jpg",
      "transform_matrix": [
        [
          0.9519307756949023,
          -0.11804013424930286,
          0.28265584195503207,
          -0.24291479587554932
        ],
        [
          0.009033572739756138,
          0.9331843468783241,
          0.35928452416550183,
          0.07714678347110748
        ],
        [
          -0.3061800007323422,
          -0.33946060367542225,
          0.8893932233291755,
          -0.24687905609607697
        ],
        [
          0.0,
          0.0,
          0.0,
          1.0
        ]
      ]
    },
    {
      "file_path": "./rgbd/29.jpg",
      "transform_matrix": [
        [
          0.952307191692855,
          -0.11798573888810686,
          0.2814078500488131,
          -0.24300836026668549
        ],
        [
          0.009030572714606881,
          0.9327158307305383,
          0.360499137115594,
          0.07712363451719284
        ],
        [
          -0.3050073136934818,
          -0.3407646468219218,
          0.8892974722047831,
          -0.24681426584720612
        ],
        [
          0.0,
          0.0,
          0.0,
          1.0
        ]
      ]
    },
    {
      "file_path": "./rgbd/30.jpg",
      "transform_matrix": [
        [
          0.9526996085232584,
          -0.11810973653166816,
          0.28002418834102555,
          -0.2431231290102005
        ],
        [
          0.009446881213563282,
          0.9324577248238689,
          0.3611555729206333,
          0.07715924829244614
        ],
        [
          -0.3037667071207229,
          -0.3414274176932983,
          0.889467878055368,
          -0.24667824804782867
        ],
        [
          0.0,
          0.0,
          0.0,
          1.0
        ]
      ]
    },
    {
      "file_path": "./rgbd/31.jpg",
      "transform_matrix": [
        [
          0.9529086639062466,
          -0.1184647760769106,
          0.2791615573130722,
          -0.24322260916233063
        ],
        [
          0.010089870825836204,
          0.932418669312305,
          0.36123900623353056,
          0.07723836600780487
        ],
        [
          -0.3030895457767064,
          -0.34141107472798565,
          0.8897051226636565,
          -0.24650363624095917
        ],
        [
          0.0,
          0.0,
          0.0,
          1.0
        ]
      ]
    },
    {
      "file_path": "./rgbd/32.jpg",
      "transform_matrix": [
        [
          0.9530140827143253,
          -0.11862627642184818,
          0.2787327836664725,
          -0.2432435005903244
        ],
        [
          0.010531870092155528,
          0.9325537938347899,
          0.36087740482981545,
          0.07732696831226349
        ],
        [
          -0.3027428576540415,
          -0.3409856714682126,
          0.8899862549460172,
          -0.24630816280841827
        ],
        [
          0.0,
          0.0,
          0.0,
          1.0
        ]
      ]
    },
    {
      "file_path": "./rgbd/33.jpg",
      "transform_matrix": [
        [
          0.953158666573656,
          -0.11803979004853693,
          0.2784872785260168,
          -0.24315224587917328
        ],
        [
          0.010381452018755582,
          0.9329325442354781,
          0.359901505082015,
          0.07741208374500275
        ],
        [
          -0.30229254339052464,
          -0.34015213636197367,
          0.8904581642833496,
          -0.2460799366235733
        ],
        [
          0.0,
          0.0,
          0.0,
          1.0
        ]
      ]
    },
    {
      "file_path": "./rgbd/34.jpg",
      "transform_matrix": [
        [
          0.9533802979278936,
          -0.1168512236095864,
          0.2782297594864054,
          -0.24298197031021118
        ],
        [
          0.00971889367616419,
          0.9333994640400674,
          0.3587073788416209,
          0.0775078609585762
        ],
        [
          -0.30161490452003853,
          -0.3392804622589653,
          0.891020323730447,
          -0.24584291875362396
        ],
        [
          0.0,
          0.0,
          0.0,
          1.0
        ]
      ]
    },
    {
      "file_path": "./rgbd/35.jpg",
      "transform_matrix": [
        [
          0.9535619951244987,
          -0.1155855321793593,
          0.2781357693735193,
          -0.24279522895812988
        ],
        [
          0.008872190039999202,
          0.9338136819536315,
          0.3576496772542874,
          0.07760365307331085
        ],
        [
          -0.3010661151609051,
          -0.3385734663954281,
          0.8914747344456287,
          -0.24562858045101166
        ],
        [
          0.0,
          0.0,
          0.0,
          1.0
        ]
      ]
    },
    {
      "file_path": "./rgbd/36.jpg",
      "transform_matrix": [
        [
          0.9535932950919296,
          -0.11461926195245173,
          0.2784281816648435,
          -0.2426404356956482
        ],
        [
          0.008008590426980397,
          0.9340384738630513,
          0.3570826120423038,
          0.07769646495580673
        ],
        [
          -0.3009911793310374,
          -0.338281767367171,
          0.8916107647577244,
          -0.24546660482883453
        ],
        [
          0.0,
          0.0,
          0.0,
          1.0
        ]
      ]
    },
    {
      "file_path": "./rgbd/37.jpg",
      "transform_matrix": [
        [
          0.9536778590520024,
          -0.11377800287525687,
          0.27848358518179694,
          -0.24252016842365265
        ],
        [
          0.007217400331932185,
          0.9341054096446323,
          0.35692435165603714,
          0.07775960862636566
        ],
        [
          -0.30074316332451806,
          -0.3383809240107247,
          0.891656828594505,
          -0.2453286498785019
        ],
        [
          0.0,
          0.0,
          0.0,
          1.0
        ]
      ]
    },
    {
      "file_path": "./rgbd/38.jpg",
      "transform_matrix": [
        [
          0.9526038803327334,
          -0.11378665441652581,
          0.28213196283249026,
          -0.23958849906921387
        ],
        [
          0.005357192126382874,
          0.9335451317122363,
          0.35841984815144406,
          0.0773998498916626
        ],
        [
          -0.3041663158003209,
          -0.3399207030074475,
          0.8899082919039366,
          -0.24614013731479645
        ],
        [
          0.0,
          0.0,
          0.0,
          1.0
        ]
      ]
    },
    {
      "file_path": "./rgbd/39.jpg",
      "transform_matrix": [
        [
          0.9514732421803539,
          -0.11446664897440875,
          0.2856502331302659,
          -0.23630845546722412
        ],
        [
          0.003970992498145326,
          0.9327347655739128,
          0.3605413822411483,
          0.07697268575429916
        ],
        [
          -0.3077058670766377,
          -0.34191116296831786,
          0.8879267176993082,
          -0.24711407721042633
        ],
        [
          0.0,
          0.0,
          0.0,
          1.0
        ]
      ]
    },
    {
      "file_path": "./rgbd/40.jpg",
      "transform_matrix": [
        [
          0.951202201989824,
          -0.1150132132052236,
          0.2863325544151762,
          -0.23506717383861542
        ],
        [
          0.0037119179279694755,
          0.9321369355628636,
          0.36208694401313324,
          0.07679116725921631
        ],
        [
          -0.3085459327150596,
          -0.3433550555149634,
          0.8870776252714924,
          -0.2474677413702011
        ],
        [
          0.0,
          0.0,
          0.0,
          1.0
        ]
      ]
    },
    {
      "file_path": "./rgbd/41.jpg",
      "transform_matrix": [
        [
          0.9514362304550202,
          -0.11529380550462846,
          0.2854407780780498,
          -0.23443777859210968
        ],
        [
          0.0037869217471069357,
          0.9315328609960364,
          0.3636374404653904,
          0.07670463621616364
        ],
        [
          -0.3078226089831981,
          -0.34489689371868804,
          0.8867307224304214,
          -0.2476358562707901
        ],
        [
          0.0,
          0.0,
          0.0,
          1.0
        ]
      ]
    },
    {
      "file_path": "./rgbd/42.jpg",
      "transform_matrix": [
        [
          0.9518318104983986,
          -0.11549489783838264,
          0.2840372037192354,
          -0.23399876058101654
        ],
        [
          0.003984099229209245,
          0.9309277107644183,
          0.36518176882786985,
          0.07665251195430756
        ],
        [
          -0.3065947349134892,
          -0.3464599917800344,
          0.8865467515134811,
          -0.2477485090494156
        ],
        [
          0.0,
          0.0,
          0.0,
          1.0
        ]
      ]
    },
    {
      "file_path": "./rgbd/43.jpg",
      "transform_matrix": [
        [
          0.9528368427993198,
          -0.11467979224635953,
          0.2809813094398919,
          -0.23359905183315277
        ],
        [
          0.003957948003219037,
          0.9304721143148679,
          0.36634134237077765,
          0.07662062346935272
        ],
        [
          -0.3034572221118296,
          -0.3479514186387969,
          0.8870420083713175,
          -0.24781374633312225
        ],
        [
          0.0,
          0.0,
          0.0,
          1.0
        ]
      ]
    },
    {
      "file_path": "./rgbd/44.jpg",
      "transform_matrix": [
        [
          0.9528105005285307,
          -0.11421788362746677,
          0.28125864456445315,
          -0.23442362248897552
        ],
        [
          0.0035323478604499265,
          0.9306253022722406,
          0.36595637621073596,
          0.0768795758485794
        ],
        [
          -0.30354517390524216,
          -0.34769357461759826,
          0.8871130173593852,
          -0.24805386364459991
        ],
        [
          0.0,
          0.0,
          0.0,
          1.0
        ]
      ]
    },
    {
      "file_path": "./rgbd/45.jpg",
      "transform_matrix": [
        [
          0.9525565928196902,
          -0.11373452530109424,
          0.2823125842577301,
          -0.23538772761821747
        ],
        [
          0.002923870116670766,
          0.9309334346566327,
          0.36517720523322117,
          0.07716867327690125
        ],
        [
          -0.30434747979781934,
          -0.3470265090637026,
          0.8870993256382153,
          -0.24828167259693146
        ],
        [
          0.0,
          0.0,
          0.0,
          1.0
        ]
      ]
    },
    {
      "file_path": "./rgbd/46.jpg",
      "transform_matrix": [
        [
          0.952687205248238,
          -0.11382823244238015,
          0.28183367871023707,
          -0.23556199669837952
        ],
        [
          0.0030684613848120865,
          0.9307839844878356,
          0.36555677912696216,
          0.07727968692779541
        ],
        [
          -0.30393695645813057,
          -0.34739647050595107,
          0.8870952704072862,
          -0.24838785827159882
        ],
        [
          0.0,
          0.0,
          0.0,
          1.0
        ]
      ]
    },
    {
      "file_path": "./rgbd/47.jpg",
      "transform_matrix": [
        [
          0.952713459821617,
          -0.11475344982704687,
          0.28136934663803603,
          -0.23556815087795258
        ],
        [
          0.0038411416044525685,
          0.930426527596377,
          0.36645835012470723,
          0.07734961807727814
        ],
        [
          -0.3038458640592272,
          -0.34804902312424235,
          0.8868706604665428,
          -0.24846656620502472
        ],
        [
          0.0,
          0.0,
          0.0,
          1.0
        ]
      ]
    },
    {
      "file_path": "./rgbd/48.jpg",
      "transform_matrix": [
        [
          0.9527175229579822,
          -0.11600197466525314,
          0.28084312938466016,
          -0.23553645610809326
        ],
        [
          0.00487612913753463,
          0.9299772787227213,
          0.36758466293374675,
          0.07742507755756378
        ],
        [
          -0.3038182759700955,
          -0.348834922181315,
          0.8865712900005926,
          -0.24853642284870148
        ],
        [
          0.0,
          0.0,
          0.0,
          1.0
        ]
      ]
    },
    {
      "file_path": "./rgbd/49.jpg",
      "transform_matrix": [
        [
          0.9528654518086553,
          -0.11703883183332414,
          0.2799095257267581,
          -0.2354574352502823
        ],
        [
          0.005886868723112236,
          0.9295552696501285,
          0.36863578969263744,
          0.0775146335363388
        ],
        [
          -0.3033360768621573,
          -0.34961251766601326,
          0.886430094234795,
          -0.2485901266336441
        ],
        [
          0.0,
          0.0,
          0.0,
          1.0
        ]
      ]
    },
    {
      "file_path": "./rgbd/50.jpg",
      "transform_matrix": [
        [
          0.9533184534176116,
          -0.11636761898196255,
          0.27864404466258025,
          -0.23528876900672913
        ],
        [
          0.0053079990788451326,
          0.929079152178557,
          0.36984287762907214,
          0.07758457213640213
        ],
        [
          -0.3019201078418465,
          -0.35109899777647136,
          0.8863259796717713,
          -0.24862872064113617
        ],
        [
          0.0,
          0.0,
          0.0,
          1.0
        ]
      ]
    },
    {
      "file_path": "./rgbd/51.jpg",
      "transform_matrix": [
        [
          0.9541476740752245,
          -0.11624371331839156,
          0.27584346135225013,
          -0.2368951439857483
        ],
        [
          0.006260937722868909,
          0.9290654058109414,
          0.36986250470165344,
          0.07736764848232269
        ],
        [
          -0.29927080832528435,
          -0.35117640985593246,
          0.8871933906680259,
          -0.2488745003938675
        ],
        [
          0.0,
          0.0,
          0.0,
          1.0
        ]
      ]
    },
    {
      "file_path": "./rgbd/52.jpg",
      "transform_matrix": [
        [
          0.9550213028400826,
          -0.11638199946003631,
          0.27274446158137705,
          -0.23872432112693787
        ],
        [
          0.007730539301822995,
          0.9292234015040114,
          0.3694375574564903,
          0.07712879776954651
        ],
        [
          -0.29643641794444575,
          -0.3507122756605459,
          0.8883278391547047,
          -0.24903227388858795
        ],
        [
          0.0,
          0.0,
          0.0,
          1.0
        ]
      ]
    },
    {
      "file_path": "./rgbd/53.jpg",
      "transform_matrix": [
        [
          0.9557132467813586,
          -0.11657653740735606,
          0.27022601808994146,
          -0.23925411701202393
        ],
        [
          0.008893442316313538,
          0.9292215223078668,
          0.369416119252554,
          0.07709097862243652
        ],
        [
          -0.2941650839416542,
          -0.35065263923997797,
          0.8891060847748358,
          -0.2489810436964035
        ],
        [
          0.0,
          0.0,
          0.0,
          1.0
        ]
      ]
    },
    {
      "file_path": "./rgbd/54.jpg",
      "transform_matrix": [
        [
          0.9563064068262425,
          -0.11636996645907592,
          0.2682090363306115,
          -0.23932510614395142
        ],
        [
          0.009371930301341763,
          0.9291033120427169,
          0.369701504559666,
          0.07709337770938873
        ],
        [
          -0.2922160556600347,
          -0.3510342810290293,
          0.8895980611247556,
          -0.24887658655643463
        ],
        [
          0.0,
          0.0,
          0.0,
          1.0
        ]
      ]
    },
    {
      "file_path": "./rgbd/55.jpg",
      "transform_matrix": [
        [
          0.9569608766665498,
          -0.11359440580593562,
          0.26706214913234083,
          -0.2392059713602066
        ],
        [
          0.006839210724717553,
          0.9287869445341224,
          0.3705509909035896,
          0.07706320285797119
        ],
        [
          -0.29013635712583685,
          -0.35277630679024585,
          0.8895896647562758,
          -0.248748317360878
        ],
        [
          0.0,
          0.0,
          0.0,
          1.0
        ]
      ]
    },
    {
      "file_path": "./rgbd/56.jpg",
      "transform_matrix": [
        [
          0.9575383739971195,
          -0.11207860827175177,
          0.2656287783558468,
          -0.23974627256393433
        ],
        [
          0.005876535052227679,
          0.9287396966499488,
          0.3706859077471667,
          0.07686083018779755
        ],
        [
          -0.2882459516779591,
          -0.3533850045409797,
          0.889962532866884,
          -0.24873699247837067
        ],
        [
          0.0,
          0.0,
          0.0,
          1.0
        ]
      ]
    },
    {
      "file_path": "./rgbd/57.jpg",
      "transform_matrix": [
        [
          0.9582142445623866,
          -0.11076962197817383,
          0.26373386654835845,
          -0.2404024600982666
        ],
        [
          0.0054554063925854315,
          0.9288892305609836,
          0.37031747985872293,
          0.07671542465686798
        ],
        [
          -0.28599947562683853,
          -0.3534047087895638,
          0.8906791856479734,
          -0.24863062798976898
        ],
        [
          0.0,
          0.0,
          0.0,
          1.0
        ]
      ]
    },
    {
      "file_path": "./rgbd/58.jpg",
      "transform_matrix": [
        [
          0.9589403520998249,
          -0.11015817158839664,
          0.26133996699120765,
          -0.24068255722522736
        ],
        [
          0.005993751474104535,
          0.9291495379488275,
          0.36965553028833087,
          0.07677990198135376
        ],
        [
          -0.2835444869115441,
          -0.3529111975579435,
          0.8916592457773808,
          -0.24829037487506866
        ],
        [
          0.0,
          0.0,
          0.0,
          1.0
        ]
      ]
    },
    {
      "file_path": "./rgbd/59.jpg",
      "transform_matrix": [
        [
          0.9596279563957599,
          -0.10976587653210729,
          0.25897034126099366,
          -0.240877166390419
        ],
        [
          0.006601338493092282,
          0.9292455391306603,
          0.36940377682945813,
          0.07686634361743927
        ],
        [
          -0.2811949637418796,
          -0.35278064056139286,
          0.8924545994118112,
          -0.24788548052310944
        ],
        [
          0.0,
          0.0,
          0.0,
          1.0
        ]
      ]
    },
    {
      "file_path": "./rgbd/60.jpg",
      "transform_matrix": [
        [
          0.9603224457300669,
          -0.10924028357115599,
          0.25660740572383406,
          -0.24105381965637207
        ],
        [
          0.006907712073902675,
          0.9291300817230328,
          0.36968848339007604,
          0.07693634927272797
        ],
        [
          -0.2788065346094439,
          -0.3532475784526256,
          0.8930190729074208,
          -0.24746550619602203
        ],
        [
          0.0,
          0.0,
          0.0,
          1.0
        ]
      ]
    },
    {
      "file_path": "./rgbd/61.jpg",
      "transform_matrix": [
        [
          0.9610778103476354,
          -0.1086997743626767,
          0.25399567222867775,
          -0.24124233424663544
        ],
        [
          0.007264359922221335,
          0.9289732854383594,
          0.37007548421474873,
          0.07700889557600021
        ],
        [
          -0.27618231574870095,
          -0.3538262200506959,
          0.8936052453249821,
          -0.24699653685092926
        ],
        [
          0.0,
          0.0,
          0.0,
          1.0
        ]
      ]
    },
    {
      "file_path": "./rgbd/62.jpg",
      "transform_matrix": [
        [
          0.9620274256734469,
          -0.10475007335550714,
          0.2520528801345786,
          -0.24144339561462402
        ],
        [
          0.003606985950109644,
          0.9282284178339771,
          0.37199327141466837,
          0.0770271047949791
        ],
        [
          -0.2729289686062586,
          -0.3569585780695672,
          0.893359027288624,
          -0.2464722841978073
        ],
        [
          0.0,
          0.0,
          0.0,
          1.0
        ]
      ]
    },
    {
      "file_path": "./rgbd/63.jpg",
      "transform_matrix": [
        [
          0.9627746103162134,
          -0.1056997735830458,
          0.24878224935665424,
          -0.24267549812793732
        ],
        [
          0.005572677873070978,
          0.9279404540370526,
          0.3726868109053921,
          0.07717471569776535
        ],
        [
          -0.2702480249544604,
          -0.35742701580322844,
          0.8939865398216083,
          -0.24616383016109467
        ],
        [
          0.0,
          0.0,
          0.0,
          1.0
        ]
      ]
    },
    {
      "file_path": "./rgbd/64.jpg",
      "transform_matrix": [
        [
          0.9634746564260915,
          -0.10779111429443203,
          0.24514824515747563,
          -0.24417343735694885
        ],
        [
          0.008569972997919109,
          0.9273584896395406,
          0.37407591108795724,
          0.0773177444934845
        ],
        [
          -0.2676623656538962,
          -0.3583117460712599,
          0.8944101691281944,
          -0.24592898786067963
        ],
        [
          0.0,
          0.0,
          0.0,
          1.0
        ]
      ]
    },
    {
      "file_path": "./rgbd/65.jpg",
      "transform_matrix": [
        [
          0.9642213116575088,
          -0.10985357091726246,
          0.24126635717024367,
          -0.2449871450662613
        ],
        [
          0.011588333545260647,
          0.9266966889425658,
          0.37563141139756856,
          0.07740601897239685
        ],
        [
          -0.2648451862336134,
          -0.35939593717738605,
          0.8948137167417982,
          -0.24552471935749054
        ],
        [
          0.0,
          0.0,
          0.0,
          1.0
        ]
      ]
    },
    {
      "file_path": "./rgbd/66.jpg",
      "transform_matrix": [
        [
          0.965166675196101,
          -0.11077933422920512,
          0.23702579648350178,
          -0.24544180929660797
        ],
        [
          0.013667362631127725,
          0.9260487562224664,
          0.3771563393309628,
          0.07747074961662292
        ],
        [
          -0.2612785721975945,
          -0.3607792125477259,
